x_range single_static_y single_ideal_y multi_static_y multi_ideal_y 
0 0.0322871721926 0.027949196191 0.0328627045137 0.0279491961905 
1 0.0344382381489 0.031433752381 0.0359345414623 0.031433752381 
2 0.0350972899586 0.0320096761905 0.0365674347919 0.0320096761905 
3 0.0355532445614 0.0325086933333 0.0370094061826 0.0325086933333 
4 0.0358733968154 0.0328202057143 0.0373190024459 0.0328202057143 
5 0.036126472832 0.0331429180953 0.0376282917178 0.0331429180952 
6 0.0363013771255 0.0333426590476 0.0378661236765 0.0333426590476 
7 0.0365120038044 0.0335592380953 0.0380861286927 0.0335592380952 
8 0.036717960781 0.0337275885714 0.0382857435134 0.0337275885714 
9 0.0368781584862 0.0338864457143 0.0384861106821 0.0338864457143 
10 0.0370321448228 0.0340552685714 0.0386471352428 0.0340552685714 
11 0.0371614924729 0.0341825371429 0.0387747471184 0.0341825371429 
12 0.0372944610007 0.0343461028572 0.0389052844433 0.0343461028571 
13 0.0374226730657 0.0344818742863 0.0390373204538 0.0344818742857 
14 0.0375592451707 0.0346235580953 0.0391618619213 0.0346235580952 
15 0.0376469774438 0.0347408304762 0.039265784433 0.0347408304762 
16 0.0377814679275 0.0348791619048 0.0393668982572 0.0348791619048 
17 0.0378979470845 0.0349831619048 0.0394948425138 0.0349831619048 
18 0.0380076029987 0.0350793752381 0.0396105560097 0.0350793752381 
19 0.0380951958491 0.0351883733333 0.0397216188731 0.0351883733333 
20 0.0381945266078 0.0352901790476 0.0398184972962 0.0352901790476 
21 0.0382930579899 0.0353821257149 0.0399018487058 0.0353821257143 
22 0.0383710789088 0.0354835047619 0.0400027860384 0.0354835047619 
23 0.0384748331285 0.0355870019048 0.0401212373259 0.0355870019048 
24 0.0385657991391 0.035677592381 0.0402160471073 0.035677592381 
25 0.0386550003671 0.0357668571429 0.0403101539834 0.0357668571429 
26 0.0387430208532 0.03585792 0.0403939522875 0.03585792 
27 0.0388183265531 0.0359570742857 0.040474523042 0.0359570742857 
28 0.0389165337491 0.0360262095238 0.0405483267868 0.0360262095238 
29 0.0389998940673 0.0361136152381 0.040643911901 0.0361136152381 
30 0.0390654626633 0.0362049066667 0.0407261952266 0.0362049066667 
31 0.0391465639707 0.0362649142857 0.0408093705823 0.0362649142857 
32 0.0392265665664 0.0363416380953 0.0408812039646 0.0363416380952 
33 0.0393007932009 0.0364241066667 0.0409609927952 0.0364241066667 
34 0.039380880648 0.0364993219048 0.0410376574208 0.0364993219048 
35 0.0394549318345 0.0365802209524 0.0411338225277 0.0365802209524 
36 0.0395361566956 0.03668704 0.0412177915358 0.03668704 
37 0.0396180656454 0.0367392 0.04129158967 0.0367392 
38 0.0397026724464 0.0368104685714 0.0413716445889 0.0368104685714 
39 0.0397911667723 0.0368835657143 0.0414474277123 0.0368835657143 
40 0.0398536511324 0.0369719009524 0.0415372417559 0.0369719009524 
41 0.0399293890927 0.0370600076191 0.0416236771705 0.037060007619 
42 0.0400072133815 0.0371538133333 0.0416986423001 0.0371538133333 
43 0.0400829530366 0.0372450590476 0.0417601789476 0.0372450590476 
44 0.0401529528563 0.0373284876191 0.0418539095876 0.037328487619 
45 0.0402288146252 0.0374088990476 0.0419343043071 0.0374088990476 
46 0.0403015718283 0.0374817371429 0.0420098248162 0.0374817371429 
47 0.0403776065961 0.0375504457143 0.0420883496597 0.0375504457143 
48 0.0404563068263 0.0376246247619 0.0421617826033 0.0376246247619 
49 0.0405297145648 0.0377031314286 0.0422426129623 0.0377031314286 
50 0.0406143723171 0.0377839238095 0.042313248958 0.0377839238095 
51 0.0406850690145 0.0378600990476 0.0423815391453 0.0378600990476 
52 0.0407400514777 0.0379356647619 0.0424611474237 0.0379356647619 
53 0.040806167125 0.0380080152381 0.0425386611499 0.0380080152381 
54 0.0408725758829 0.0380921447619 0.0426120070557 0.0380921447619 
55 0.0409504348768 0.0381685942857 0.0426907006477 0.0381685942857 
56 0.0410305594526 0.0382617447619 0.042774225482 0.0382617447619 
57 0.0411050918806 0.0383453866667 0.0428554933027 0.0383453866667 
58 0.0411871246768 0.0384253561905 0.0429313017292 0.0384253561905 
59 0.0412527193344 0.0384938514286 0.0429907785614 0.0384938514286 
60 0.0413172715029 0.0385762438095 0.043079149861 0.0385762438095 
61 0.0413815956664 0.0386460647619 0.0431606702921 0.0386460647619 
62 0.0414588469174 0.0387168304762 0.0432560639721 0.0387168304762 
63 0.0415542553314 0.0388048152381 0.0433334418697 0.0388048152381 
64 0.0416440145742 0.0388880152381 0.0434107404038 0.0388880152381 
65 0.0417461764688 0.0389707580953 0.0435049233261 0.0389707580952 
66 0.0418210700386 0.0390536685714 0.0436031611426 0.0390536685714 
67 0.0418987174027 0.0391455238095 0.043671327595 0.0391455238095 
68 0.0419790047553 0.0392440990476 0.0437608381665 0.0392440990476 
69 0.0420808085384 0.0393318704762 0.0438455420624 0.0393318704762 
70 0.0421450687322 0.0394111085714 0.0439218214024 0.0394111085714 
71 0.042239708946 0.0395166780953 0.0440180571935 0.0395166780952 
72 0.0423131111676 0.0395970133334 0.044112078797 0.0395970133333 
73 0.0424074841758 0.0397041371429 0.0442100188008 0.0397041371429 
74 0.0424985682874 0.0397905676191 0.0442856462642 0.039790567619 
75 0.0426020250678 0.0398929219048 0.0443858959086 0.0398929219048 
76 0.0426999151794 0.04001152 0.0445115464754 0.04001152 
77 0.0428018436634 0.0401131428572 0.0445906121921 0.0401131428571 
78 0.042882336023 0.0402263314286 0.044681816787 0.0402263314286 
79 0.0429947034232 0.0403375847619 0.0447841608117 0.0403375847619 
80 0.0431035645248 0.0404471771429 0.0448924393415 0.0404471771429 
81 0.0432228790649 0.0405807390476 0.0450110642824 0.0405807390476 
82 0.0433564158426 0.0406969904762 0.0451637657016 0.0406969904762 
83 0.0434715745838 0.0407927161905 0.0452793988816 0.0407927161905 
84 0.0436195273971 0.0409415161905 0.045420276526 0.0409415161905 
85 0.0437536992914 0.0410952228572 0.0455602749639 0.0410952228571 
86 0.0438829375812 0.0412206780953 0.0457242184569 0.0412206780952 
87 0.0440502737111 0.0413836038095 0.0458722166849 0.0413836038095 
88 0.0442315921511 0.0415456152381 0.0460318075014 0.0415456152381 
89 0.0444082933898 0.0417215390476 0.0462390352277 0.0417215390476 
90 0.044585628197 0.0419191009524 0.0464326849222 0.0419191009524 
91 0.0447856012201 0.04220064 0.0466545426978 0.04220064 
92 0.0449848214563 0.0424116571429 0.0468768175195 0.0424116571429 
93 0.0452810510839 0.0427043047619 0.0472124616888 0.0427043047619 
94 0.0456986740908 0.0430695009524 0.0474905136138 0.0430695009524 
95 0.0460728562772 0.04343296 0.0478852641281 0.04343296 
96 0.0465639213385 0.0439093942857 0.0482777433198 0.0439093942857 
97 0.047136493564 0.0444978133334 0.0489133682162 0.0444978133333 
98 0.0479573379454 0.0453869561905 0.0498291103668 0.0453869561905 
99 0.0534007936253 0.0517730285715 0.0563981116597 0.0517730285714 
