single_static_x single_static_y single_ideal_x single_ideal_y multi_static_x multi_static_y multi_ideal_x multi_ideal_y 
0.0320760359782 1 0.0277109578672 1 0.0326273504423 1 0.0277109578667 1 
0.0322871721926 0.999722260797 0.027949196191 0.999861130399 0.0328627045137 0.999722260797 0.0279491961905 0.999861130399 
0.0324983084069 0.998889043188 0.0281874345148 0.999722260797 0.0330980585852 0.999722260797 0.0281874345143 0.999722260797 
0.0327094446212 0.998611303986 0.0284256728386 0.999722260797 0.0333334126566 0.999722260797 0.0284256728381 0.999722260797 
0.0329205808356 0.997916955978 0.0286639111624 0.999722260797 0.0335687667281 0.999444521594 0.0286639111619 0.999722260797 
0.0331317170499 0.997500347174 0.0289021494862 0.999583391196 0.0338041207996 0.998611303986 0.0289021494857 0.999583391196 
0.0333428532642 0.996389390362 0.02914038781 0.99902791279 0.034039474871 0.998333564783 0.0291403878095 0.99902791279 
0.0335539894785 0.995556172754 0.0293786261338 0.99902791279 0.0342748289425 0.997916955978 0.0293786261333 0.99902791279 
0.0337651256929 0.994445215942 0.0296168644576 0.998611303986 0.0345101830139 0.997778086377 0.0296168644571 0.998611303986 
0.0339762619072 0.992223302319 0.0298551027814 0.997778086377 0.0347455370854 0.996944868768 0.029855102781 0.997778086377 
0.0341873981215 0.990556867102 0.0300933411052 0.996944868768 0.0349808911569 0.995833911957 0.0300933411048 0.996944868768 
0.0343985343359 0.987779475073 0.030331579429 0.995833911957 0.0352162452283 0.994722955145 0.0303315794286 0.995833911957 
0.0346096705502 0.984724343841 0.0305698177528 0.994722955145 0.0354515992998 0.992639911123 0.0305698177524 0.994722955145 
0.0348208067645 0.980697125399 0.0308080560766 0.993334259131 0.0356869533712 0.990001388696 0.0308080560762 0.993334259131 
0.0350319429788 0.976808776559 0.0310462944004 0.991806693515 0.0359223074427 0.987779475073 0.0310462944 0.991806693515 
0.0352430791932 0.97208721011 0.0312845327242 0.988751562283 0.0361576615142 0.983891126232 0.0312845327238 0.988751562283 
0.0354542154075 0.96639355645 0.031522771048 0.983474517428 0.0363930155856 0.978752950979 0.0315227710476 0.983474517428 
0.0356653516218 0.95958894598 0.0317610093719 0.979863907791 0.0366283696571 0.972920427718 0.0317610093714 0.979863907791 
0.0358764878361 0.951534509096 0.0319992476957 0.975558950146 0.0368637237285 0.967087904458 0.0319992476952 0.975558950146 
0.0360876240505 0.939591723372 0.0322374860195 0.970281905291 0.0370990778 0.95958894598 0.032237486019 0.970281905291 
0.0362987602648 0.929315372865 0.0324757243433 0.964171642827 0.0373344318715 0.952367726705 0.0324757243429 0.964171642827 
0.0365098964791 0.919177891959 0.0327139626671 0.955006249132 0.0375697859429 0.942507985002 0.0327139626667 0.955006249132 
0.0367210326935 0.905568671018 0.0329522009909 0.947229551451 0.0378051400144 0.931815025691 0.0329522009905 0.947229551451 
0.0369321689078 0.890154145258 0.0331904393147 0.934453548118 0.0380404940858 0.919733370365 0.0331904393143 0.934453548118 
0.0371433051221 0.874461880294 0.0334286776385 0.922649631996 0.0382758481573 0.907929454242 0.0334286776381 0.922649631996 
0.0373544413364 0.858075267324 0.0336669159623 0.907929454242 0.0385112022288 0.891403971671 0.0336669159619 0.907929454242 
0.0375655775508 0.839050131926 0.0339051542861 0.890987362866 0.0387465563002 0.872517705874 0.0339051542857 0.890987362866 
0.0377767137651 0.819469518122 0.0341433926099 0.876406054715 0.0389819103717 0.852381613665 0.0341433926095 0.876406054715 
0.0379878499794 0.797389251493 0.0343816309337 0.858908484933 0.0392172644431 0.83169004305 0.0343816309333 0.858908484933 
0.0381989861937 0.773225940842 0.0346198692575 0.839605610332 0.0394526185146 0.811415081239 0.0346198692571 0.839605610332 
0.0384101224081 0.752117761422 0.0348581075813 0.816414386891 0.0396879725861 0.785724204972 0.034858107581 0.816414386891 
0.0386212586224 0.725732537148 0.0350963459051 0.793639772254 0.0399233266575 0.764477155951 0.0350963459048 0.793639772254 
0.0388323948367 0.700319400083 0.0353345842289 0.769059852798 0.040158680729 0.737397583669 0.0353345842286 0.769059852798 
0.0390435310511 0.672545479794 0.0355728225527 0.742119150118 0.0403940348004 0.708929315373 0.0355728225524 0.742119150118 
0.0392546672654 0.644771559506 0.0358110608765 0.714622969032 0.0406293888719 0.678794611859 0.0358110608762 0.714622969032 
0.0394658034797 0.619636161644 0.0360492992003 0.684071656714 0.0408647429434 0.650187473962 0.0360492992 0.684071656714 
0.039676939694 0.590473545341 0.0362875375241 0.653520344397 0.0411000970148 0.620747118456 0.0362875375238 0.653520344397 
0.0398880759084 0.563116233856 0.0365257758479 0.621580336064 0.0413354510863 0.591723371754 0.0365257758476 0.621580336064 
0.0400992121227 0.533953617553 0.0367640141718 0.592834328565 0.0415708051577 0.562144146646 0.0367640141714 0.592834328565 
0.040310348337 0.506874045271 0.0370022524956 0.56631023469 0.0418061592292 0.531315095126 0.0370022524952 0.56631023469 
0.0405214845513 0.476322732954 0.0372404908194 0.536314400778 0.0420415133007 0.499652825996 0.037240490819 0.536314400778 
0.0407326207657 0.445910290237 0.0374787291432 0.503680044438 0.0422768673721 0.46826829607 0.0374787291429 0.503680044438 
0.04094375698 0.417997500347 0.037716967467 0.471323427302 0.0425122214436 0.438966810165 0.0377169674667 0.471323427302 
0.0411548931943 0.387029579225 0.0379552057908 0.442021941397 0.042747575515 0.405360366616 0.0379552057905 0.442021941397 
0.0413660294087 0.361477572559 0.0381934441146 0.412859325094 0.0429829295865 0.377447576725 0.0381934441143 0.412859325094 
0.041577165623 0.33842521872 0.0384316824384 0.38078044716 0.043218283658 0.348284960422 0.0384316824381 0.38078044716 
0.0417883018373 0.311623385641 0.0386699207622 0.350506874045 0.0434536377294 0.321621996945 0.0386699207619 0.350506874045 
0.0419994380516 0.286765726982 0.038908159086 0.323288432162 0.0436889918009 0.292598250243 0.0389081590857 0.323288432162 
0.042210574266 0.260935981114 0.0391463974098 0.297042077489 0.0439243458723 0.267185113179 0.0391463974095 0.297042077489 
0.0424217104803 0.239966671296 0.0393846357336 0.269823635606 0.0441596999438 0.241910845716 0.0393846357333 0.269823635606 
0.0426328466946 0.216914317456 0.0396228740574 0.245243716151 0.0443950540153 0.217886404666 0.0396228740571 0.245243716151 
0.0428439829089 0.196361616442 0.0398611123812 0.223441188724 0.0446304080867 0.194556311623 0.039861112381 0.223441188724 
0.0430551191233 0.179280655465 0.040099350705 0.202055270101 0.0448657621582 0.176781002639 0.0400993507048 0.202055270101 
0.0432662553376 0.161227607277 0.0403375890288 0.182196917095 0.0451011162296 0.157616997639 0.0403375890286 0.182196917095 
0.0434773915519 0.146785168727 0.0405758273526 0.159977780864 0.0453364703011 0.140952645466 0.0405758273524 0.159977780864 
0.0436885277663 0.130537425358 0.0408140656764 0.14331342869 0.0455718243726 0.126510206916 0.0408140656762 0.14331342869 
0.0438996639806 0.118178030829 0.0410523040002 0.12692681572 0.045807178444 0.109845854742 0.041052304 0.12692681572 
0.0441108001949 0.105263157895 0.041290542324 0.112762116373 0.0460425325155 0.0987362866269 0.0412905423238 0.112762116373 
0.0443219364092 0.0949868073879 0.0415287806478 0.0976253298153 0.0462778865869 0.0876267185113 0.0415287806476 0.0976253298153 
0.0445330726236 0.083460630468 0.0417670189717 0.0881821969171 0.0465132406584 0.0773503680044 0.0417670189714 0.0881821969171 
0.0447442088379 0.0723510623525 0.0420052572955 0.0788779336203 0.0467485947299 0.0679072351062 0.0420052572952 0.0788779336203 
0.0449553450522 0.0644354950701 0.0422434956193 0.0681849743091 0.0469839488013 0.0602694070268 0.042243495619 0.0681849743091 
0.0451664812666 0.0583252326066 0.0424817339431 0.0602694070268 0.0472193028728 0.0516594917373 0.0424817339429 0.0602694070268 
0.0453776174809 0.0527704485488 0.0427199722669 0.0540202749618 0.0474546569442 0.0448548812665 0.0427199722667 0.0540202749618 
0.0455887536952 0.047215664491 0.0429582105907 0.0462435772809 0.0476900110157 0.0397167060131 0.0429582105905 0.0462435772809 
0.0457998899095 0.0419386196362 0.0431964489145 0.0404110540203 0.0479253650872 0.0347174003611 0.0431964489143 0.0404110540203 
0.0460110261239 0.0372170531871 0.0434346872383 0.0355506179697 0.0481607191586 0.0276350506874 0.0434346872381 0.0355506179697 
0.0462221623382 0.0330509651437 0.0436729255621 0.0304124427163 0.0483960732301 0.0234689626441 0.0436729255619 0.0304124427163 
0.0464332985525 0.0291626163033 0.0439111638859 0.0263852242744 0.0486314273015 0.0208304402166 0.0439111638857 0.0263852242744 
0.0466444347668 0.0247187890571 0.0441494022097 0.0218025274267 0.048866781373 0.017497569782 0.0441494022095 0.0218025274267 
0.0468555709812 0.0211081794195 0.0443876405335 0.0176364393834 0.0491021354445 0.0152756561589 0.0443876405333 0.0176364393834 
0.0470667071955 0.0180530481878 0.0446258788573 0.0148590473545 0.0493374895159 0.0129148729343 0.0446258788571 0.0148590473545 
0.0472778434098 0.0154145257603 0.0448641171811 0.0122205249271 0.0495728435874 0.0104152201083 0.044864117181 0.0122205249271 
0.0474889796242 0.0130537425358 0.0451023555049 0.0105540897098 0.0498081976588 0.00888765449243 0.0451023555048 0.0105540897098 
0.0477001158385 0.0104152201083 0.0453405938287 0.00874878489099 0.0500435517303 0.00749895847799 0.0453405938286 0.00874878489099 
0.0479112520528 0.00916539369532 0.0455788321525 0.0072212192751 0.0502789058018 0.00680461047077 0.0455788321524 0.0072212192751 
0.0481223882671 0.0084710456881 0.0458170704763 0.00680461047077 0.0505142598732 0.00583252326066 0.0458170704762 0.00680461047077 
0.0483335244815 0.00763782807943 0.0460553088001 0.00527704485488 0.0507496139447 0.00513817525344 0.0460553088 0.00527704485488 
0.0485446606958 0.00680461047077 0.0462935471239 0.00458269684766 0.0509849680161 0.00416608804333 0.0462935471238 0.00458269684766 
0.0487557969101 0.0059713928621 0.0465317854477 0.00402721844188 0.0512203220876 0.00374947923899 0.0465317854476 0.00402721844188 
0.0489669331244 0.00527704485488 0.0467700237716 0.00361060963755 0.0514556761591 0.00347174003611 0.0467700237714 0.00361060963755 
0.0491780693388 0.00388834884044 0.0470082620954 0.00291626163033 0.0516910302305 0.00291626163033 0.0470082620952 0.00291626163033 
0.0493892055531 0.00291626163033 0.0472465004192 0.00236078322455 0.051926384302 0.00222191362311 0.047246500419 0.00236078322455 
0.0496003417674 0.00263852242744 0.047484738743 0.00194417442022 0.0521617383734 0.00208304402166 0.0474847387429 0.00194417442022 
0.0498114779818 0.002499652826 0.0477229770668 0.00180530481878 0.0523970924449 0.00208304402166 0.0477229770667 0.00180530481878 
0.0500226141961 0.00208304402166 0.0479612153906 0.00152756561589 0.0526324465164 0.00138869601444 0.0479612153905 0.00152756561589 
0.0502337504104 0.00166643521733 0.0481994537144 0.00152756561589 0.0528678005878 0.00111095681155 0.0481994537143 0.00152756561589 
0.0504448866247 0.00152756561589 0.0484376920382 0.00138869601444 0.0531031546593 0.000833217608665 0.0484376920381 0.00138869601444 
0.0506560228391 0.001249826413 0.048675930362 0.001249826413 0.0533385087307 0.000694348007221 0.0486759303619 0.001249826413 
0.0508671590534 0.00111095681155 0.0489141686858 0.00097208721011 0.0535738628022 0.000555478405777 0.0489141686857 0.00097208721011 
0.0510782952677 0.000972087210109 0.0491524070096 0.000694348007221 0.0538092168737 0.000416608804332 0.0491524070095 0.000694348007221 
0.051289431482 0.000694348007221 0.0493906453334 0.000416608804333 0.0540445709451 0.000416608804332 0.0493906453333 0.000416608804333 
0.0515005676964 0.000555478405777 0.0496288836572 0.000416608804333 0.0542799250166 0.000416608804332 0.0496288836571 0.000416608804333 
0.0517117039107 0.000555478405777 0.049867121981 0.000416608804333 0.054515279088 0.000416608804332 0.049867121981 0.000416608804333 
0.051922840125 0.000555478405777 0.0501053603048 0.000416608804333 0.0547506331595 0.000416608804332 0.0501053603048 0.000416608804333 
0.0521339763394 0.000416608804332 0.0503435986286 0.000416608804333 0.054985987231 0.000416608804332 0.0503435986286 0.000416608804333 
0.0523451125537 0.000277739202888 0.0505818369524 0.000277739202889 0.0552213413024 0.000277739202888 0.0505818369524 0.000277739202889 
0.052556248768 0.000277739202888 0.0508200752762 0.000138869601444 0.0554566953739 0.000277739202888 0.0508200752762 0.000138869601444 
0.0527673849823 0.000138869601444 0.0510583136 0.000138869601444 0.0556920494453 0.000138869601444 0.0510583136 0.000138869601444 
0.0529785211967 0.000138869601444 0.0512965519238 0.000138869601444 0.0559274035168 0.000138869601444 0.0512965519238 0.000138869601444 
