x_range mlu lu90 lu50 ahc competitive_ratio 
0 1.44671074237 1.44671074237 0.0715257623043 2 10.0 
1 1.5033617781 1.5033617781 0.497183609019 2 10.0 
2 1.53794516917 1.53794516917 0.544944708035 2 10.0 
3 1.57895374023 1.57895374023 0.607713120498 2 10.0 
4 1.59179400591 1.59179400591 0.679530660316 2 10.0 
5 1.62657382728 1.62657382728 0.739653973857 2 10.0 
6 1.64084780354 1.64084780354 0.776749274314 2 10.0 
7 1.65229650359 1.65229650359 0.810825907975 2 10.0 
8 1.6671977139 1.6671977139 0.835431715536 2 10.0 
9 1.69353628394 1.69353628394 0.865563046616 2 10.0 
10 1.71305417557 1.71305417557 0.910830536605 2 10.0 
11 1.72571023112 1.72571023112 0.954713445354 2 10.0 
12 1.73929084383 1.73929084383 0.976921854968 2 10.0 
13 1.7664614729 1.7664614729 0.999640073544 2 10.0 
14 1.78296895422 1.78296895422 1.02766753913 2 10.0 
15 1.80547624782 1.80547624782 1.0440996256 2 10.0 
16 1.82963201972 1.82963201972 1.06250067268 2 10.0 
17 1.84218687932 1.84218687932 1.08218138444 2 10.0 
18 1.86043543205 1.86043543205 1.09128448182 2 10.0 
19 1.87297069926 1.87297069926 1.12116568714 2 10.0 
20 1.88704699393 1.88704699393 1.1309143748 2 10.0 
21 1.90384709756 1.90384709756 1.13622999244 2 10.0 
22 1.91723197577 1.91723197577 1.15169778225 2 10.0 
23 1.92909243058 1.92909243058 1.16421654711 2 10.0 
24 1.93709218393 1.93709218393 1.1765893341 2 10.0 
25 1.94803300667 1.94803300667 1.18528412758 2 10.0 
26 1.9594998859 1.9594998859 1.19399167868 2 10.0 
27 1.96655857627 1.96655857627 1.20768615209 2 10.0 
28 1.97666892779 1.97666892779 1.21803631261 2 10.0 
29 1.9883751744 1.9883751744 1.23241156668 2 10.0 
30 1.99946289916 1.99946289916 1.24487471083 2 10.0 
31 2.01040391137 2.01040391137 1.25019017268 2 10.0 
32 2.02407636476 2.02407636476 1.26755843674 2 10.0 
33 2.0392114356 2.0392114356 1.27495951804 2 10.0 
34 2.04941114278 2.04941114278 1.28515497125 2 10.0 
35 2.06418568085 2.06418568085 1.29576379766 2 10.0 
36 2.06965788734 2.06965788734 1.3033992887 2 10.0 
37 2.08461031901 2.08461031901 1.31549731045 2 10.0 
38 2.0986562311 2.0986562311 1.32499660668 2 10.0 
39 2.11330344942 2.11330344942 1.3320535826 2 10.0 
40 2.12286731849 2.12286731849 1.33892588212 2 10.0 
41 2.12997387283 2.12997387283 1.34867141008 2 10.0 
42 2.1407775381 2.1407775381 1.35769371788 2 10.0 
43 2.15235758802 2.15235758802 1.36505959202 2 10.0 
44 2.16520150759 2.16520150759 1.37398085594 2 10.0 
45 2.181358353 2.181358353 1.38212245038 2 10.0 
46 2.19251908273 2.19251908273 1.38826201431 2 10.0 
47 2.20794564248 2.20794564248 1.39389914711 2 10.0 
48 2.2239664058 2.2239664058 1.40193984465 2 10.0 
49 2.23048909117 2.23048909117 1.41143093602 2 10.0 
50 2.23986443818 2.23986443818 1.41635162609 2 10.0 
51 2.25444829114 2.25444829114 1.42410356219 2 10.0 
52 2.26796161006 2.26796161006 1.43044440835 2 10.0 
53 2.27827225447 2.27827225447 1.43559009452 2 10.0 
54 2.29268078328 2.29268078328 1.43898735491 2 10.0 
55 2.30499302731 2.30499302731 1.44984174642 2 10.0 
56 2.32541224296 2.32541224296 1.45573653789 2 10.0 
57 2.35319972377 2.35319972377 1.46012129278 2 10.0 
58 2.36242802737 2.36242802737 1.46783027462 2 10.0 
59 2.38350551368 2.38350551368 1.47387166079 2 10.0 
60 2.40333137005 2.40333137005 1.47915702673 2 10.0 
61 2.41388092336 2.41388092336 1.4843074152 2 10.0 
62 2.44195859574 2.44195859574 1.49199569628 2 10.0 
63 2.45059497771 2.45059497771 1.49963991819 2 10.0 
64 2.4733706508 2.4733706508 1.50569092914 2 10.0 
65 2.49331989538 2.49331989538 1.51344452962 2 10.0 
66 2.50764883531 2.50764883531 1.52445682609 2 10.0 
67 2.52783525016 2.52783525016 1.53323626235 2 10.0 
68 2.54390016588 2.54390016588 1.54233196125 2 10.0 
69 2.56050935423 2.56050935423 1.55036064165 2 10.0 
70 2.59903955673 2.59903955673 1.55787370122 2 10.0 
71 2.62106472837 2.62106472837 1.56403272836 2 10.0 
72 2.63701090739 2.63701090739 1.56911608205 2 10.0 
73 2.65540815889 2.65540815889 1.58226277006 2 10.0 
74 2.68725394185 2.68725394185 1.59049737645 2 10.0 
75 2.71939432687 2.71939432687 1.59919613094 2 10.0 
76 2.73867886386 2.73867886386 1.61271555209 2 10.0 
77 2.77797428195 2.77797428195 1.62908661795 2 10.0 
78 2.80579588505 2.80579588505 1.64576362324 2 10.0 
79 2.84503703521 2.84503703521 1.65653895553 2 10.0 
80 2.8830070499 2.8830070499 1.66884698888 2 10.0 
81 2.9133045836 2.9133045836 1.68807656912 2 10.0 
82 2.93897107965 2.93897107965 1.69793676376 2 10.0 
83 2.97602196319 2.97602196319 1.71208742331 2 10.0 
84 3.00279358959 3.00279358959 1.72519528183 2 10.0 
85 3.02013096639 3.02013096639 1.73943356083 2 10.0 
86 3.06217596204 3.06217596204 1.76246618803 2 10.0 
87 3.09436682604 3.09436682604 1.7762599045 2 10.0 
88 3.18331563424 3.18331563424 1.7864947777 2 10.0 
89 3.2414787732 3.2414787732 1.79815111636 2 10.0 
90 3.32041855764 3.32041855764 1.81616120213 2 10.0 
91 3.38582618675 3.38582618675 1.83496811883 2 10.0 
92 3.42371804623 3.42371804623 1.85430734102 2 10.0 
93 3.56532850818 3.56532850818 1.86584452741 2 10.0 
94 3.65959002058 3.65959002058 1.88049656862 2 10.0 
95 3.80473854607 3.80473854607 1.90831560776 2 10.0 
96 3.93906025315 3.93906025315 1.9638740446 2 10.0 
97 4.06961799691 4.06961799691 2.00256206586 2 10.0 
98 4.21775776476 4.21775776476 2.0362778177 2 10.0 
99 4.40897013408 4.40897013408 2.12094058081 2 10.0 
100 5.12379767111 5.12379767111 2.22299098253 2 10.0 
