x_range mlu lu90 lu50 ahc competitive_ratio 
0 0.289342148475 0.289342148475 0.0143051524609 2 2.0 
1 0.30067235562 0.30067235562 0.0994367218038 2 2.0 
2 0.307589033834 0.307589033834 0.108988941607 2 2.0 
3 0.315790748046 0.315790748046 0.1215426241 2 2.0 
4 0.318358801182 0.318358801182 0.135906132063 2 2.0 
5 0.325314765456 0.325314765456 0.147930794771 2 2.0 
6 0.328169560707 0.328169560707 0.155349854863 2 2.0 
7 0.330459300719 0.330459300719 0.162165181595 2 2.0 
8 0.333439542779 0.333439542779 0.167086343107 2 2.0 
9 0.338707256788 0.338707256788 0.173112609323 2 2.0 
10 0.342610835114 0.342610835114 0.182166107321 2 2.0 
11 0.345142046223 0.345142046223 0.190942689071 2 2.0 
12 0.347858168765 0.347858168765 0.195384370994 2 2.0 
13 0.35329229458 0.35329229458 0.199928014709 2 2.0 
14 0.356593790844 0.356593790844 0.205533507826 2 2.0 
15 0.361095249564 0.361095249564 0.20881992512 2 2.0 
16 0.365926403944 0.365926403944 0.212500134536 2 2.0 
17 0.368437375865 0.368437375865 0.216436276888 2 2.0 
18 0.37208708641 0.37208708641 0.218256896364 2 2.0 
19 0.374594139852 0.374594139852 0.224233137427 2 2.0 
20 0.377409398785 0.377409398785 0.226182874961 2 2.0 
21 0.380769419512 0.380769419512 0.227245998488 2 2.0 
22 0.383446395154 0.383446395154 0.23033955645 2 2.0 
23 0.385818486115 0.385818486115 0.232843309422 2 2.0 
24 0.387418436785 0.387418436785 0.23531786682 2 2.0 
25 0.389606601335 0.389606601335 0.237056825515 2 2.0 
26 0.39189997718 0.39189997718 0.238798335736 2 2.0 
27 0.393311715253 0.393311715253 0.241537230418 2 2.0 
28 0.395333785558 0.395333785558 0.243607262521 2 2.0 
29 0.397675034881 0.397675034881 0.246482313335 2 2.0 
30 0.399892579832 0.399892579832 0.248974942166 2 2.0 
31 0.402080782274 0.402080782274 0.250038034535 2 2.0 
32 0.404815272952 0.404815272952 0.253511687347 2 2.0 
33 0.407842287119 0.407842287119 0.254991903609 2 2.0 
34 0.409882228556 0.409882228556 0.257030994249 2 2.0 
35 0.412837136169 0.412837136169 0.259152759532 2 2.0 
36 0.413931577468 0.413931577468 0.26067985774 2 2.0 
37 0.416922063803 0.416922063803 0.263099462091 2 2.0 
38 0.41973124622 0.41973124622 0.264999321336 2 2.0 
39 0.422660689884 0.422660689884 0.266410716519 2 2.0 
40 0.424573463697 0.424573463697 0.267785176424 2 2.0 
41 0.425994774566 0.425994774566 0.269734282016 2 2.0 
42 0.428155507619 0.428155507619 0.271538743575 2 2.0 
43 0.430471517603 0.430471517603 0.273011918405 2 2.0 
44 0.433040301519 0.433040301519 0.274796171187 2 2.0 
45 0.4362716706 0.4362716706 0.276424490076 2 2.0 
46 0.438503816546 0.438503816546 0.277652402862 2 2.0 
47 0.441589128497 0.441589128497 0.278779829422 2 2.0 
48 0.444793281161 0.444793281161 0.280387968931 2 2.0 
49 0.446097818234 0.446097818234 0.282286187204 2 2.0 
50 0.447972887636 0.447972887636 0.283270325217 2 2.0 
51 0.450889658228 0.450889658228 0.284820712439 2 2.0 
52 0.453592322011 0.453592322011 0.28608888167 2 2.0 
53 0.455654450895 0.455654450895 0.287118018903 2 2.0 
54 0.458536156656 0.458536156656 0.287797470981 2 2.0 
55 0.460998605463 0.460998605463 0.289968349284 2 2.0 
56 0.465082448592 0.465082448592 0.291147307577 2 2.0 
57 0.470639944754 0.470639944754 0.292024258556 2 2.0 
58 0.472485605475 0.472485605475 0.293566054925 2 2.0 
59 0.476701102736 0.476701102736 0.294774332157 2 2.0 
60 0.480666274011 0.480666274011 0.295831405345 2 2.0 
61 0.482776184672 0.482776184672 0.296861483039 2 2.0 
62 0.488391719147 0.488391719147 0.298399139256 2 2.0 
63 0.490118995541 0.490118995541 0.299927983637 2 2.0 
64 0.49467413016 0.49467413016 0.301138185827 2 2.0 
65 0.498663979076 0.498663979076 0.302688905924 2 2.0 
66 0.501529767062 0.501529767062 0.304891365218 2 2.0 
67 0.505567050033 0.505567050033 0.30664725247 2 2.0 
68 0.508780033175 0.508780033175 0.308466392249 2 2.0 
69 0.512101870846 0.512101870846 0.31007212833 2 2.0 
70 0.519807911346 0.519807911346 0.311574740244 2 2.0 
71 0.524212945673 0.524212945673 0.312806545672 2 2.0 
72 0.527402181478 0.527402181478 0.31382321641 2 2.0 
73 0.531081631779 0.531081631779 0.316452554012 2 2.0 
74 0.53745078837 0.53745078837 0.31809947529 2 2.0 
75 0.543878865374 0.543878865374 0.319839226189 2 2.0 
76 0.547735772773 0.547735772773 0.322543110418 2 2.0 
77 0.55559485639 0.55559485639 0.32581732359 2 2.0 
78 0.561159177011 0.561159177011 0.329152724648 2 2.0 
79 0.569007407042 0.569007407042 0.331307791105 2 2.0 
80 0.576601409981 0.576601409981 0.333769397777 2 2.0 
81 0.58266091672 0.58266091672 0.337615313824 2 2.0 
82 0.587794215929 0.587794215929 0.339587352753 2 2.0 
83 0.595204392639 0.595204392639 0.342417484661 2 2.0 
84 0.600558717918 0.600558717918 0.345039056367 2 2.0 
85 0.604026193278 0.604026193278 0.347886712166 2 2.0 
86 0.612435192407 0.612435192407 0.352493237606 2 2.0 
87 0.618873365207 0.618873365207 0.3552519809 2 2.0 
88 0.636663126849 0.636663126849 0.35729895554 2 2.0 
89 0.64829575464 0.64829575464 0.359630223273 2 2.0 
90 0.664083711528 0.664083711528 0.363232240426 2 2.0 
91 0.67716523735 0.67716523735 0.366993623767 2 2.0 
92 0.684743609247 0.684743609247 0.370861468205 2 2.0 
93 0.713065701635 0.713065701635 0.373168905483 2 2.0 
94 0.731918004115 0.731918004115 0.376099313724 2 2.0 
95 0.760947709215 0.760947709215 0.381663121553 2 2.0 
96 0.787812050629 0.787812050629 0.392774808919 2 2.0 
97 0.813923599382 0.813923599382 0.400512413173 2 2.0 
98 0.843551552951 0.843551552951 0.40725556354 2 2.0 
99 0.881794026817 0.881794026817 0.424188116161 2 2.0 
100 1.02475953422 1.02475953422 0.444598196506 2 2.0 
