x_range mlu lu90 lu50 ahc competitive_ratio 
0 0.188072396508 -1.0 0.0 1 1.0 
1 0.195437031153 -1.0 0.0 1 1.0 
2 0.199932871992 -1.0 0.0 1 1.0 
3 0.20526398623 -1.0 0.0 1 1.0 
4 0.206933220769 -1.0 0.0 1 1.0 
5 0.211454597546 -1.0 0.0 1 1.0 
6 0.21331021446 -1.0 0.0 1 1.0 
7 0.214798545467 -1.0 0.0 1 1.0 
8 0.216735702807 -1.0 0.0 1 1.0 
9 0.220159716912 -1.0 0.0 1 1.0 
10 0.222697042824 -1.0 0.0 1 1.0 
11 0.224342330045 -1.0 0.0 1 1.0 
12 0.226107809697 -1.0 0.0 1 1.0 
13 0.229639991477 -1.0 0.0 1 1.0 
14 0.231785964049 -1.0 0.0 1 1.0 
15 0.234711912216 -1.0 0.0 1 1.0 
16 0.237852162564 -1.0 0.0 1 1.0 
17 0.239484294312 -1.0 0.0 1 1.0 
18 0.241856606166 -1.0 0.194619852354 1 1.0 
19 0.243486190904 -1.0 0.199446136494 1 1.0 
20 0.245316109211 -1.0 0.204999265091 1 1.0 
21 0.247500122683 -1.0 0.206570256206 1 1.0 
22 0.24924015685 -1.0 0.211413734463 1 1.0 
23 0.250782015975 -1.0 0.213307476867 1 1.0 
24 0.251821983911 -1.0 0.214607852446 1 1.0 
25 0.253244290868 -1.0 0.216477776978 1 1.0 
26 0.254734985167 -1.0 0.219942311622 1 1.0 
27 0.255652614915 -1.0 0.222427879095 1 1.0 
28 0.256966960613 -1.0 0.224266796573 1 1.0 
29 0.258488772673 -1.0 0.226019432278 1 1.0 
30 0.259930176891 -1.0 0.229593955938 1 1.0 
31 0.261352508478 -1.0 0.231243251139 1 1.0 
32 0.263129927419 -1.0 0.234671372921 1 1.0 
33 0.265097486627 -1.0 0.237733167933 1 1.0 
34 0.266423448561 -1.0 0.239140053228 1 1.0 
35 0.26834413851 -1.0 0.241623467646 1 1.0 
36 0.269055525354 -1.0 0.243315328901 1 1.0 
37 0.270999341472 -1.0 0.245057300487 1 1.0 
38 0.272825310043 0.19085782886 0.247172992564 1 1.0 
39 0.274729448425 0.199088562562 0.249041349707 1 1.0 
40 0.275972751403 0.204999265091 0.250012406529 1 1.0 
41 0.276896603468 0.208703640424 0.251737207331 1 1.0 
42 0.278301079952 0.213044786725 0.253214921041 1 1.0 
43 0.279806486442 0.214798545467 0.254639724702 1 1.0 
44 0.281476195987 0.217110810689 0.255538423519 1 1.0 
45 0.28357658589 0.220993810244 0.256819873797 1 1.0 
46 0.285027480755 0.224222041967 0.258453277138 1 1.0 
47 0.287032933523 0.226019432278 0.259907653464 1 1.0 
48 0.289115632754 0.229593955938 0.261287024386 1 1.0 
49 0.289963581852 0.232639693373 0.262440238342 1 1.0 
50 0.291182376964 0.235715978002 0.26443740425 1 1.0 
51 0.293078277848 0.238703526613 0.266255580085 1 1.0 
52 0.294835009307 0.241149154279 0.268199065854 1 1.0 
53 0.296175393082 0.243813543143 0.269012411569 1 1.0 
54 0.298048501827 0.246124649411 0.270872896222 1 1.0 
55 0.299649093551 0.24836265959 0.27274728652 1 1.0 
56 0.302303591585 0.251130209968 0.274587848162 1 1.0 
57 0.30591596409 0.252308239232 0.275948171084 1 1.0 
58 0.307115643559 0.253775965611 0.276540681013 1 1.0 
59 0.309855716779 0.255732215124 0.278295892631 1 1.0 
60 0.312433078107 0.257333048427 0.279726526274 1 1.0 
61 0.313804520036 0.259930176891 0.281315948203 1 1.0 
62 0.317454617446 0.261665328085 0.283510350118 1 1.0 
63 0.318577347102 0.265097486627 0.284884920094 1 1.0 
64 0.321538184604 0.267413380558 0.286971303838 1 1.0 
65 0.324131586399 0.268864945181 0.288881065134 1 1.0 
66 0.32599434859 0.271366847406 0.289903217117 1 1.0 
67 0.328618582521 0.274521781824 0.291134628215 1 1.0 
68 0.330707021564 0.276111419906 0.293021160975 1 1.0 
69 0.33286621605 0.278097624455 0.294703089328 1 1.0 
70 0.337875142375 0.279726526274 0.296146993118 1 1.0 
71 0.340738414688 0.281958773938 0.298025798906 1 1.0 
72 0.34281141796 0.284385338309 0.299623631824 1 1.0 
73 0.345203060656 0.288661249516 0.302161314109 1 1.0 
74 0.34934301244 0.291134628215 0.305657613645 1 1.0 
75 0.353521262493 0.293810125433 0.307013237913 1 1.0 
76 0.356028252302 0.295776592612 0.309769152914 1 1.0 
77 0.361136656654 0.298229374241 0.312190356022 1 1.0 
78 0.364753465057 0.301566069131 0.313722305082 1 1.0 
79 0.369854814577 0.306192520405 0.317408173815 1 1.0 
80 0.374790916487 0.309988383476 0.318335696101 1 1.0 
81 0.378729595868 0.313657610857 0.321484449163 1 1.0 
82 0.382066240354 0.318335696101 0.323931901192 1 1.0 
83 0.386882855215 0.322861467056 0.325899069479 1 1.0 
84 0.390363166647 0.325899069479 0.328269583878 1 1.0 
85 0.392617025631 0.329999440581 0.330523835196 1 1.0 
86 0.398082875065 0.33286621605 0.332589903819 1 1.0 
87 0.402267687385 0.340607847518 0.336535693257 1 1.0 
88 0.413831032452 0.344995229437 0.340704594574 1 1.0 
89 0.421392240516 0.353521262493 0.342743102746 1 1.0 
90 0.431654412493 0.361136656654 0.344995229437 1 1.0 
91 0.440157404277 0.371978183989 0.34774973159 1 1.0 
92 0.445083346011 0.380586858406 0.353486481237 1 1.0 
93 0.463492706063 0.386882855215 0.355902245382 1 1.0 
94 0.475746702675 0.39350135129 0.360951892299 1 1.0 
95 0.49461601099 0.410057858363 0.363909295058 1 1.0 
96 0.512077832909 0.431648319022 0.369471009702 1 1.0 
97 0.529050339598 0.445083346011 0.380813408025 1 1.0 
98 0.548308509418 0.481658357731 0.39124320661 1 1.0 
99 0.573166117431 0.522139741692 0.412965070101 1 1.0 
100 0.666093697244 0.666093697244 0.483232171203 1 1.0 
