mlu_x mlu_y lu90_x lu90_y lu50_x lu50_y ahc_x ahc_y competitive_ratio_x competitive_ratio_y 
0.188072396508 0.992 -1.0 0.624 0.0 0.829 0.5 1.0 0.5 1.0 
0.192805280674 0.987 -0.9835040228 0.624 0.0047844769426 0.829 0.509900990099 1.0 0.509900990099 1.0 
0.19753816484 0.977 -0.967008045599 0.624 0.00956895388521 0.829 0.519801980198 1.0 0.519801980198 1.0 
0.202271049006 0.96 -0.950512068399 0.624 0.0143534308278 0.829 0.529702970297 1.0 0.529702970297 1.0 
0.207003933171 0.95 -0.934016091198 0.624 0.0191379077704 0.829 0.539603960396 1.0 0.539603960396 1.0 
0.211736817337 0.922 -0.917520113998 0.624 0.023922384713 0.829 0.549504950495 1.0 0.549504950495 1.0 
0.216469701503 0.906 -0.901024136797 0.624 0.0287068616556 0.829 0.559405940594 1.0 0.559405940594 1.0 
0.221202585668 0.883 -0.884528159597 0.624 0.0334913385982 0.829 0.569306930693 1.0 0.569306930693 1.0 
0.225935469834 0.866 -0.868032182397 0.624 0.0382758155408 0.829 0.579207920792 1.0 0.579207920792 1.0 
0.230668354 0.848 -0.851536205196 0.624 0.0430602924834 0.829 0.589108910891 1.0 0.589108910891 1.0 
0.235401238165 0.829 -0.835040227996 0.624 0.047844769426 0.829 0.59900990099 1.0 0.59900990099 1.0 
0.240134122331 0.804 -0.818544250795 0.624 0.0526292463686 0.829 0.608910891089 1.0 0.608910891089 1.0 
0.244867006497 0.778 -0.802048273595 0.624 0.0574137233113 0.829 0.618811881188 1.0 0.618811881188 1.0 
0.249599890663 0.743 -0.785552296394 0.624 0.0621982002539 0.829 0.628712871287 1.0 0.628712871287 1.0 
0.254332774828 0.705 -0.769056319194 0.624 0.0669826771965 0.829 0.638613861386 1.0 0.638613861386 1.0 
0.259065658994 0.674 -0.752560341993 0.624 0.0717671541391 0.829 0.648514851485 1.0 0.648514851485 1.0 
0.26379854316 0.648 -0.736064364793 0.624 0.0765516310817 0.829 0.658415841584 1.0 0.658415841584 1.0 
0.268531427325 0.618 -0.719568387593 0.624 0.0813361080243 0.829 0.668316831683 1.0 0.668316831683 1.0 
0.273264311491 0.587 -0.703072410392 0.624 0.0861205849669 0.829 0.678217821782 1.0 0.678217821782 1.0 
0.277997195657 0.555 -0.686576433192 0.624 0.0909050619095 0.829 0.688118811881 1.0 0.688118811881 1.0 
0.282730079822 0.528 -0.670080455991 0.624 0.0956895388521 0.829 0.69801980198 1.0 0.69801980198 1.0 
0.287462963988 0.494 -0.653584478791 0.624 0.100474015795 0.829 0.707920792079 1.0 0.707920792079 1.0 
0.292195848154 0.469 -0.63708850159 0.624 0.105258492737 0.829 0.717821782178 1.0 0.717821782178 1.0 
0.29692873232 0.443 -0.62059252439 0.624 0.11004296968 0.829 0.727722772277 1.0 0.727722772277 1.0 
0.301661616485 0.426 -0.60409654719 0.624 0.114827446623 0.829 0.737623762376 1.0 0.737623762376 1.0 
0.306394500651 0.405 -0.587600569989 0.624 0.119611923565 0.829 0.747524752475 1.0 0.747524752475 1.0 
0.311127384817 0.385 -0.571104592789 0.624 0.124396400508 0.829 0.757425742574 1.0 0.757425742574 1.0 
0.315860268982 0.364 -0.554608615588 0.624 0.12918087745 0.829 0.767326732673 1.0 0.767326732673 1.0 
0.320593153148 0.346 -0.538112638388 0.624 0.133965354393 0.829 0.777227722772 1.0 0.777227722772 1.0 
0.325326037314 0.325 -0.521616661187 0.624 0.138749831336 0.829 0.787128712871 1.0 0.787128712871 1.0 
0.330058921479 0.305 -0.505120683987 0.624 0.143534308278 0.829 0.79702970297 1.0 0.79702970297 1.0 
0.334791805645 0.296 -0.488624706786 0.624 0.148318785221 0.829 0.806930693069 1.0 0.806930693069 1.0 
0.339524689811 0.275 -0.472128729586 0.624 0.153103262163 0.829 0.816831683168 1.0 0.816831683168 1.0 
0.344257573977 0.261 -0.455632752386 0.624 0.157887739106 0.829 0.826732673267 1.0 0.826732673267 1.0 
0.348990458142 0.249 -0.439136775185 0.624 0.162672216049 0.829 0.836633663366 1.0 0.836633663366 1.0 
0.353723342308 0.236 -0.422640797985 0.624 0.167456692991 0.829 0.846534653465 1.0 0.846534653465 1.0 
0.358456226474 0.225 -0.406144820784 0.624 0.172241169934 0.829 0.856435643564 1.0 0.856435643564 1.0 
0.363189110639 0.216 -0.389648843584 0.624 0.177025646876 0.829 0.866336633663 1.0 0.866336633663 1.0 
0.367921994805 0.203 -0.373152866383 0.624 0.181810123819 0.829 0.876237623762 1.0 0.876237623762 1.0 
0.372654878971 0.195 -0.356656889183 0.624 0.186594600762 0.824 0.886138613861 1.0 0.886138613861 1.0 
0.377387763136 0.18 -0.340160911983 0.624 0.191379077704 0.819 0.89603960396 1.0 0.89603960396 1.0 
0.382120647302 0.171 -0.323664934782 0.624 0.196163554647 0.809 0.905940594059 1.0 0.905940594059 1.0 
0.386853531468 0.154 -0.307168957582 0.624 0.200948031589 0.794 0.915841584158 1.0 0.915841584158 1.0 
0.391586415634 0.145 -0.290672980381 0.624 0.205732508532 0.784 0.925742574257 1.0 0.925742574257 1.0 
0.396319299799 0.134 -0.274177003181 0.624 0.210516985475 0.756 0.935643564356 1.0 0.935643564356 1.0 
0.401052183965 0.13 -0.25768102598 0.624 0.215301462417 0.74 0.945544554455 1.0 0.945544554455 1.0 
0.405785068131 0.126 -0.24118504878 0.624 0.22008593936 0.717 0.955445544554 1.0 0.955445544554 1.0 
0.410517952296 0.117 -0.224689071579 0.624 0.224870416302 0.698 0.965346534653 1.0 0.965346534653 1.0 
0.415250836462 0.112 -0.208193094379 0.624 0.229654893245 0.681 0.975247524752 1.0 0.975247524752 1.0 
0.419983720628 0.107 -0.191697117179 0.624 0.234439370188 0.66 0.985148514851 1.0 0.985148514851 1.0 
0.424716604793 0.104 -0.175201139978 0.624 0.23922384713 0.637 0.99504950495 0.0 0.99504950495 0.0 
0.429449488959 0.097 -0.158705162778 0.624 0.244008324073 0.612 1.00495049505 0.0 1.00495049505 0.0 
0.434182373125 0.092 -0.142209185577 0.624 0.248792801015 0.576 1.01485148515 0.0 1.01485148515 0.0 
0.438915257291 0.085 -0.125713208377 0.624 0.253577277958 0.541 1.02475247525 0.0 1.02475247525 0.0 
0.443648141456 0.077 -0.109217231176 0.624 0.258361754901 0.509 1.03465346535 0.0 1.03465346535 0.0 
0.448381025622 0.074 -0.0927212539759 0.624 0.263146231843 0.483 1.04455445545 0.0 1.04455445545 0.0 
0.453113909788 0.073 -0.0762252767755 0.624 0.267930708786 0.451 1.05445544554 0.0 1.05445544554 0.0 
0.457846793953 0.071 -0.0597292995751 0.624 0.272715185728 0.416 1.06435643564 0.0 1.06435643564 0.0 
0.462579678119 0.068 -0.0432333223746 0.624 0.277499662671 0.386 1.07425742574 0.0 1.07425742574 0.0 
0.467312562285 0.061 -0.0267373451742 0.624 0.282284139614 0.359 1.08415841584 0.0 1.08415841584 0.0 
0.47204544645 0.06 -0.0102413679738 0.624 0.287068616556 0.325 1.09405940594 0.0 1.09405940594 0.0 
0.476778330616 0.06 0.00625460922667 0.624 0.291853093499 0.299 1.10396039604 0.0 1.10396039604 0.0 
0.481511214782 0.057 0.0227505864271 0.624 0.296637570441 0.274 1.11386138614 0.0 1.11386138614 0.0 
0.486244098948 0.052 0.0392465636275 0.624 0.301422047384 0.257 1.12376237624 0.0 1.12376237624 0.0 
0.490976983113 0.05 0.055742540828 0.624 0.306206524327 0.235 1.13366336634 0.0 1.13366336634 0.0 
0.495709867279 0.047 0.0722385180284 0.624 0.310991001269 0.214 1.14356435644 0.0 1.14356435644 0.0 
0.500442751445 0.045 0.0887344952289 0.624 0.315775478212 0.193 1.15346534653 0.0 1.15346534653 0.0 
0.50517563561 0.041 0.105230472429 0.624 0.320559955154 0.175 1.16336633663 0.0 1.16336633663 0.0 
0.509908519776 0.04 0.12172644963 0.624 0.325344432097 0.153 1.17326732673 0.0 1.17326732673 0.0 
0.514641403942 0.037 0.13822242683 0.624 0.33012890904 0.134 1.18316831683 0.0 1.18316831683 0.0 
0.519374288107 0.032 0.154718404031 0.624 0.334913385982 0.125 1.19306930693 0.0 1.19306930693 0.0 
0.524107172273 0.031 0.171214381231 0.624 0.339697862925 0.103 1.20297029703 0.0 1.20297029703 0.0 
0.528840056439 0.029 0.187710358431 0.603 0.344482339868 0.09 1.21287128713 0.0 1.21287128713 0.0 
0.533572940605 0.025 0.204206335632 0.551 0.34926681681 0.077 1.22277227723 0.0 1.22277227723 0.0 
0.53830582477 0.022 0.220702312832 0.498 0.354051293753 0.064 1.23267326733 0.0 1.23267326733 0.0 
0.543038708936 0.021 0.237198290033 0.422 0.358835770695 0.052 1.24257425743 0.0 1.24257425743 0.0 
0.547771593102 0.019 0.253694267233 0.343 0.363620247638 0.045 1.25247524752 0.0 1.25247524752 0.0 
0.552504477267 0.017 0.270190244434 0.276 0.368404724581 0.035 1.26237623762 0.0 1.26237623762 0.0 
0.557237361433 0.016 0.286686221634 0.214 0.373189201523 0.032 1.27227722772 0.0 1.27227722772 0.0 
0.561970245599 0.014 0.303182198835 0.178 0.377973678466 0.026 1.28217821782 0.0 1.28217821782 0.0 
0.566703129764 0.012 0.319678176035 0.136 0.382758155408 0.024 1.29207920792 0.0 1.29207920792 0.0 
0.57143601393 0.01 0.336174153235 0.111 0.387542632351 0.019 1.30198019802 0.0 1.30198019802 0.0 
0.576168898096 0.009 0.352670130436 0.093 0.392327109294 0.016 1.31188118812 0.0 1.31188118812 0.0 
0.580901782262 0.007 0.369166107636 0.071 0.397111586236 0.013 1.32178217822 0.0 1.32178217822 0.0 
0.585634666427 0.007 0.385662084837 0.052 0.401896063179 0.013 1.33168316832 0.0 1.33168316832 0.0 
0.590367550593 0.007 0.402158062037 0.043 0.406680540121 0.012 1.34158415842 0.0 1.34158415842 0.0 
0.595100434759 0.007 0.418654039238 0.039 0.411465017064 0.008 1.35148514851 0.0 1.35148514851 0.0 
0.599833318924 0.005 0.435150016438 0.027 0.416249494007 0.008 1.36138613861 0.0 1.36138613861 0.0 
0.60456620309 0.005 0.451645993638 0.023 0.421033970949 0.008 1.37128712871 0.0 1.37128712871 0.0 
0.609299087256 0.005 0.468141970839 0.019 0.425818447892 0.008 1.38118811881 0.0 1.38118811881 0.0 
0.614031971421 0.004 0.484637948039 0.015 0.430602924834 0.007 1.39108910891 0.0 1.39108910891 0.0 
0.618764855587 0.003 0.50113392524 0.013 0.435387401777 0.006 1.40099009901 0.0 1.40099009901 0.0 
0.623497739753 0.003 0.51762990244 0.008 0.44017187872 0.003 1.41089108911 0.0 1.41089108911 0.0 
0.628230623919 0.002 0.534125879641 0.007 0.444956355662 0.001 1.42079207921 0.0 1.42079207921 0.0 
0.632963508084 0.002 0.550621856841 0.004 0.449740832605 0.001 1.43069306931 0.0 1.43069306931 0.0 
0.63769639225 0.002 0.567117834042 0.002 0.454525309547 0.001 1.44059405941 0.0 1.44059405941 0.0 
0.642429276416 0.002 0.583613811242 0.002 0.45930978649 0.001 1.4504950495 0.0 1.4504950495 0.0 
0.647162160581 0.002 0.600109788442 0.002 0.464094263433 0.001 1.4603960396 0.0 1.4603960396 0.0 
0.651895044747 0.001 0.616605765643 0.001 0.468878740375 0.001 1.4702970297 0.0 1.4702970297 0.0 
0.656627928913 0.001 0.633101742843 0.001 0.473663217318 0.001 1.4801980198 0.0 1.4801980198 0.0 
0.661360813078 0.0 0.649597720044 0.0 0.47844769426 0.0 1.4900990099 0.0 1.4900990099 0.0 
0.666093697244 0.0 0.666093697244 0.0 0.483232171203 0.0 1.5 0.0 1.5 0.0 
