x_range mlu lu90 lu50 ahc competitive_ratio 
0 0.396663587489 0.396663587489 0.0754381613058 1.82644486379 1.30166352157 
1 0.400260097977 0.400260097977 0.151070235681 1.82644486379 1.30166352157 
2 0.40496738317 0.40496738317 0.174804598143 1.82644486379 1.30166352157 
3 0.408665006506 0.408665006506 0.192977018919 1.82644486379 1.30166352157 
4 0.410834656949 0.410834656949 0.210625747757 1.82644486379 1.30166352157 
5 0.41439038059 0.41439038059 0.219701009463 1.82644486379 1.30166352157 
6 0.416886699621 0.416886699621 0.236180495591 1.82644486379 1.30166352157 
7 0.420115143469 0.420115143469 0.248969306978 1.82644486379 1.30437334453 
8 0.422944811175 0.422944811175 0.258634729001 1.82644486379 1.31851226454 
9 0.426244155074 0.426244155074 0.2674285908 1.82644486379 1.33204628576 
10 0.428679091128 0.428679091128 0.275149100712 1.82644486379 1.34568778365 
11 0.433198548411 0.433198548411 0.278220331845 1.82644486379 1.36145889119 
12 0.434569540209 0.434569540209 0.285512182178 1.82644486379 1.36816869718 
13 0.437879862298 0.437879862298 0.287162671973 1.82644486379 1.38294727477 
14 0.439187012117 0.439187012117 0.290495123515 1.82644486379 1.39345221664 
15 0.441421986998 0.441421986998 0.293142494364 1.82644486379 1.40278493136 
16 0.444048665173 0.444048665173 0.29739649422 1.82644486379 1.41734659164 
17 0.446741004962 0.446741004962 0.300869522389 1.82644486379 1.42715546371 
18 0.44990918777 0.44990918777 0.302463415609 1.82644486379 1.44056035896 
19 0.453000110184 0.453000110184 0.30617094843 1.82644486379 1.45026732611 
20 0.455833473804 0.455833473804 0.309108474095 1.82644486379 1.46067883381 
21 0.459864725814 0.459864725814 0.314368966316 1.82644486379 1.46907233619 
22 0.461166308324 0.461166308324 0.316644885826 1.82644486379 1.48037101869 
23 0.463657569006 0.463657569006 0.317562276253 1.82644486379 1.49121232484 
24 0.465759657389 0.465759657389 0.319553333103 1.82644486379 1.50507782816 
25 0.467606646262 0.467606646262 0.321251392855 1.82644486379 1.51592147135 
26 0.469253223025 0.469253223025 0.324259369861 1.82644486379 1.53021075632 
27 0.472205708014 0.472205708014 0.326749152044 1.82644486379 1.53794311121 
28 0.473955369492 0.473955369492 0.328035825283 1.82644486379 1.55696796429 
29 0.475662172975 0.475662172975 0.328948407527 1.82644486379 1.57609108988 
30 0.478039706803 0.478039706803 0.330669452142 1.82644486379 1.59208713633 
31 0.480906267518 0.480906267518 0.332029736532 1.82644486379 1.61504451792 
32 0.482743405518 0.482743405518 0.334427774711 1.82644486379 1.64635985151 
33 0.486640230424 0.486640230424 0.336009809747 1.82644486379 1.65894538261 
34 0.489623524392 0.489623524392 0.337551834434 1.82644486379 1.67420533645 
35 0.490603636327 0.490603636327 0.338895559905 1.82644486379 1.70263148043 
36 0.492187079007 0.492187079007 0.339825130297 1.82644486379 1.72393690942 
37 0.494169645053 0.494169645053 0.341033923073 1.82644486379 1.73583229205 
38 0.495989273947 0.495989273947 0.342613002585 1.82644486379 1.75373226264 
39 0.497625137991 0.497625137991 0.344280276855 1.82644486379 1.77141583849 
40 0.499160524543 0.499160524543 0.345266370993 1.82644486379 1.79609235136 
41 0.500644547588 0.500644547588 0.34618029201 1.82644486379 1.80961888881 
42 0.502864234266 0.502864234266 0.347514473632 1.82644486379 1.82371069303 
43 0.504531793716 0.504531793716 0.348660891325 1.82644486379 1.85162205117 
44 0.507306091214 0.507306091214 0.349646455025 1.82644486379 1.87644921621 
45 0.509816201404 0.509816201404 0.350783516825 1.82644486379 1.90611789084 
46 0.512355339768 0.512355339768 0.352167323084 1.82644486379 1.92045488961 
47 0.514748579726 0.514748579726 0.353096431562 1.82644486379 1.93360115012 
48 0.516835210021 0.516835210021 0.354441820166 1.82644486379 1.95249528236 
49 0.520190526426 0.520190526426 0.35571827579 1.82644486379 1.95249528236 
50 0.523220711635 0.523036154604 0.356737231602 1.82644486379 1.95249528236 
51 0.524901814651 0.524901814651 0.35867701806 1.82644486379 1.95249528236 
52 0.527281736324 0.527281736324 0.359806065583 1.82644486379 1.95249528236 
53 0.530628615585 0.530628615585 0.360642967525 1.82644486379 1.95249528236 
54 0.532794193379 0.532794193379 0.361683522949 1.82644486379 1.95249528236 
55 0.536002483917 0.536002483917 0.362581215149 1.82644486379 1.95249528236 
56 0.537742238361 0.537742238361 0.363687688712 1.82644486379 1.95249528236 
57 0.539346407653 0.539346407653 0.364738792078 1.82644486379 1.95249528236 
58 0.542401286055 0.542401286055 0.36569109593 1.82644486379 1.95249528236 
59 0.5463500032 0.5463500032 0.366285634841 1.82644486379 1.95249528236 
60 0.549227457231 0.549227457231 0.367539655863 1.82644486379 1.95249528236 
61 0.552465891059 0.552201955623 0.368513260083 1.82644486379 1.95249528236 
62 0.555502048761 0.555261031421 0.369654923224 1.82644486379 1.95249528236 
63 0.558432378596 0.557777641434 0.370614391657 1.82644486379 1.95249528236 
64 0.561762544866 0.561265044729 0.37177361746 1.82644486379 1.95249528236 
65 0.565431370975 0.564687011623 0.372723825651 1.82644486379 1.95249528236 
66 0.568282986316 0.567356966568 0.37447202599 1.82644486379 1.95249528236 
67 0.57056143791 0.570080059703 0.375498781004 1.82644486379 1.95249528236 
68 0.572233954861 0.571503006627 0.376704584072 1.82644486379 1.95249528236 
69 0.575865201053 0.575263396311 0.377762253355 1.82644486379 1.95249528236 
70 0.577845434669 0.577502401708 0.378959582854 1.82644486379 1.95249528236 
71 0.583192210472 0.581616693341 0.379429491247 1.82644486379 1.95249528236 
72 0.588520717873 0.585625696087 0.38067854115 1.82644486379 1.95249528236 
73 0.591852940681 0.590196025075 0.381626192549 1.82644486379 1.95249528236 
74 0.597638643143 0.592850943778 0.382632081929 1.82644486379 1.95249528236 
75 0.599794458355 0.597952294299 0.384414323793 1.82644486379 1.95249528236 
76 0.602791355975 0.600356343016 0.386093132411 1.82644486379 1.95249528236 
77 0.608590046947 0.603117133143 0.387046310603 1.82644486379 1.95249528236 
78 0.610135418649 0.608592762177 0.389350452456 1.82644486379 1.95249528236 
79 0.614068665978 0.610644617549 0.390325104518 1.82644486379 1.95249528236 
80 0.618938776878 0.615222691643 0.391097802045 1.82644486379 1.95249528236 
81 0.624471374103 0.621161617813 0.391724110268 1.82644486379 1.95249528236 
82 0.630385491283 0.624471374103 0.393019049541 1.82644486379 1.95869399482 
83 0.63613291442 0.630068579191 0.394559690534 1.82644486379 1.97173139011 
84 0.638124831561 0.63555981629 0.395426336778 1.82644486379 1.98513743157 
85 0.643823618691 0.637933807498 0.396869866103 1.82644486379 1.9950029643 
86 0.648181222681 0.640878368782 0.397889524893 1.82644486379 2.00703332257 
87 0.650804667553 0.645478386356 0.399079236984 1.82644486379 2.01533018374 
88 0.656965396022 0.649361809917 0.40052465829 1.82644486379 2.02718909306 
89 0.662623698656 0.650804667553 0.402720310753 1.82644486379 2.03611299269 
90 0.669447744911 0.656905881166 0.405322350146 1.82644486379 2.04526280273 
91 0.67661434468 0.659553142573 0.407254748961 1.82644486379 2.06660598963 
92 0.688645528131 0.668848035162 0.409490883202 1.82644486379 2.09280176994 
93 0.701149131172 0.673601557913 0.411667028298 1.82644486379 2.11090569736 
94 0.713075092 0.689229189776 0.414002735358 1.82644486379 2.12863769439 
95 0.729900221697 0.705595053948 0.418064888166 1.82644486379 2.15029299882 
96 0.743981908908 0.726285649378 0.423594063461 1.82644486379 2.16977598565 
97 0.75985082052 0.743643935179 0.429737733426 1.82644486379 2.1786622021 
98 0.782794164975 0.76390051516 0.43772663612 1.82644486379 2.20014744426 
99 0.817943784072 0.806312351152 0.447488452296 1.82644486379 2.21231186316 
100 0.943508534558 0.943508534558 0.473596842861 1.82644486379 2.23372604938 
