mlu_x mlu_y lu90_x lu90_y lu50_x lu50_y ahc_x ahc_y competitive_ratio_x competitive_ratio_y 
0.396028548809 0.992 0.396028548809 0.992 0.0693444344796 0.999 1.84046426155 1.0 1.1965180384 0.961 
0.400694543517 0.978 0.400694543517 0.978 0.0731704453553 0.999 1.84046426155 0.999 1.20835471611 0.953 
0.405360538226 0.964 0.405360538226 0.964 0.076996456231 0.999 1.84046426155 0.999 1.22019139381 0.949 
0.410026532934 0.946 0.410026532934 0.946 0.0808224671068 0.999 1.84046426155 0.999 1.23202807152 0.945 
0.414692527643 0.93 0.414692527643 0.93 0.0846484779825 0.999 1.84046426155 0.999 1.24386474922 0.939 
0.419358522351 0.905 0.419358522351 0.905 0.0884744888582 0.999 1.84046426155 0.999 1.25570142692 0.936 
0.42402451706 0.883 0.42402451706 0.883 0.0923004997339 0.999 1.84046426155 0.999 1.26753810463 0.933 
0.428690511768 0.854 0.428690511768 0.854 0.0961265106096 0.998 1.84046426155 0.998 1.27937478233 0.925 
0.433356506477 0.832 0.433356506477 0.832 0.0999525214854 0.998 1.84046426155 0.998 1.29121146004 0.916 
0.438022501186 0.81 0.438022501185 0.81 0.103778532361 0.998 1.84046426155 0.998 1.30304813774 0.904 
0.442688495894 0.786 0.442688495894 0.786 0.107604543237 0.997 1.84046426155 0.998 1.31488481545 0.891 
0.447354490603 0.764 0.447354490603 0.764 0.111430554113 0.997 1.84046426155 0.998 1.32672149315 0.883 
0.452020485311 0.738 0.452020485311 0.738 0.115256564988 0.997 1.84046426155 0.998 1.33855817086 0.876 
0.45668648002 0.712 0.45668648002 0.712 0.119082575864 0.997 1.84046426155 0.998 1.35039484856 0.871 
0.461352474728 0.695 0.461352474728 0.695 0.12290858674 0.997 1.84046426155 0.99 1.36223152627 0.855 
0.466018469437 0.67 0.466018469437 0.67 0.126734597615 0.996 1.84046426155 0.99 1.37406820397 0.847 
0.470684464145 0.653 0.470684464145 0.653 0.130560608491 0.996 1.84046426155 0.99 1.38590488168 0.838 
0.475350458854 0.628 0.475350458854 0.628 0.134386619367 0.995 1.84046426155 0.99 1.39774155938 0.832 
0.480016453562 0.599 0.480016453562 0.599 0.138212630243 0.993 1.84046426155 0.99 1.40957823709 0.821 
0.484682448271 0.579 0.484682448271 0.579 0.142038641118 0.993 1.84046426155 0.99 1.42141491479 0.809 
0.489348442979 0.555 0.489348442979 0.555 0.145864651994 0.993 1.84046426155 0.99 1.4332515925 0.795 
0.494014437688 0.53 0.494014437688 0.53 0.14969066287 0.993 1.84046426155 0.964 1.4450882702 0.783 
0.498680432396 0.507 0.498680432396 0.507 0.153516673745 0.99 1.84046426155 0.964 1.45692494791 0.774 
0.503346427105 0.476 0.503346427105 0.476 0.157342684621 0.988 1.84046426155 0.964 1.46876162561 0.763 
0.508012421813 0.456 0.508012421813 0.456 0.161168695497 0.985 1.84046426155 0.964 1.48059830331 0.748 
0.512678416522 0.436 0.512678416522 0.436 0.164994706373 0.985 1.84046426155 0.964 1.49243498102 0.737 
0.51734441123 0.413 0.51734441123 0.413 0.168820717248 0.982 1.84046426155 0.964 1.50427165872 0.727 
0.522010405939 0.398 0.522010405939 0.398 0.172646728124 0.979 1.84046426155 0.899 1.51610833643 0.708 
0.526676400648 0.381 0.526676400648 0.381 0.176472739 0.976 1.84046426155 0.899 1.52794501413 0.698 
0.531342395356 0.363 0.531342395356 0.363 0.180298749875 0.975 1.84046426155 0.899 1.53978169184 0.682 
0.536008390065 0.337 0.536008390065 0.337 0.184124760751 0.973 1.84046426155 0.899 1.55161836954 0.674 
0.540674384773 0.323 0.540674384773 0.323 0.187950771627 0.971 1.84046426155 0.899 1.56345504725 0.657 
0.545340379482 0.306 0.545340379482 0.306 0.191776782503 0.968 1.84046426155 0.899 1.57529172495 0.637 
0.55000637419 0.284 0.55000637419 0.284 0.195602793378 0.966 1.84046426155 0.899 1.58712840266 0.629 
0.554672368899 0.268 0.554672368899 0.268 0.199428804254 0.962 1.84046426155 0.783 1.59896508036 0.617 
0.559338363607 0.247 0.559338363607 0.247 0.20325481513 0.958 1.84046426155 0.783 1.61080175807 0.602 
0.564004358316 0.232 0.564004358316 0.232 0.207080826006 0.957 1.84046426155 0.783 1.62263843577 0.592 
0.568670353024 0.214 0.568670353024 0.214 0.210906836881 0.954 1.84046426155 0.783 1.63447511348 0.586 
0.573336347733 0.199 0.573336347733 0.199 0.214732847757 0.949 1.84046426155 0.783 1.64631179118 0.579 
0.578002342441 0.18 0.578002342441 0.18 0.218558858633 0.947 1.84046426155 0.783 1.65814846889 0.572 
0.58266833715 0.158 0.58266833715 0.158 0.222384869508 0.944 1.84046426155 0.783 1.66998514659 0.565 
0.587334331858 0.145 0.587334331858 0.143 0.226210880384 0.943 1.84046426155 0.654 1.6818218243 0.555 
0.592000326567 0.138 0.592000326567 0.136 0.23003689126 0.941 1.84046426155 0.654 1.693658502 0.55 
0.596666321275 0.128 0.596666321275 0.128 0.233862902136 0.94 1.84046426155 0.654 1.7054951797 0.537 
0.601332315984 0.121 0.601332315984 0.121 0.237688913011 0.937 1.84046426155 0.654 1.71733185741 0.531 
0.605998310692 0.119 0.605998310692 0.118 0.241514923887 0.936 1.84046426155 0.654 1.72916853511 0.524 
0.610664305401 0.114 0.610664305401 0.111 0.245340934763 0.934 1.84046426155 0.654 1.74100521282 0.515 
0.61533030011 0.106 0.61533030011 0.099 0.249166945638 0.931 1.84046426155 0.654 1.75284189052 0.51 
0.619996294818 0.097 0.619996294818 0.091 0.252992956514 0.928 1.84046426155 0.503 1.76467856823 0.506 
0.624662289527 0.093 0.624662289527 0.088 0.25681896739 0.925 1.84046426155 0.503 1.77651524593 0.496 
0.629328284235 0.087 0.629328284235 0.084 0.260644978266 0.919 1.84046426155 0.503 1.78835192364 0.279 
0.633994278944 0.084 0.633994278944 0.081 0.264470989141 0.913 1.84046426155 0.503 1.80018860134 0.265 
0.638660273652 0.078 0.638660273652 0.075 0.268297000017 0.909 1.84046426155 0.503 1.81202527905 0.262 
0.643326268361 0.072 0.643326268361 0.069 0.272123010893 0.902 1.84046426155 0.503 1.82386195675 0.255 
0.647992263069 0.065 0.647992263069 0.062 0.275949021768 0.896 1.84046426155 0.323 1.83569863446 0.248 
0.652658257778 0.059 0.652658257778 0.055 0.279775032644 0.887 1.84046426155 0.323 1.84753531216 0.237 
0.657324252486 0.057 0.657324252486 0.054 0.28360104352 0.88 1.84046426155 0.323 1.85937198987 0.232 
0.661990247195 0.054 0.661990247195 0.053 0.287427054396 0.87 1.84046426155 0.323 1.87120866757 0.226 
0.666656241903 0.051 0.666656241903 0.049 0.291253065271 0.863 1.84046426155 0.323 1.88304534528 0.218 
0.671322236612 0.047 0.671322236612 0.045 0.295079076147 0.856 1.84046426155 0.323 1.89488202298 0.212 
0.67598823132 0.044 0.67598823132 0.041 0.298905087023 0.845 1.84046426155 0.323 1.90671870069 0.209 
0.680654226029 0.038 0.680654226029 0.035 0.302731097899 0.834 1.84046426155 0.175 1.91855537839 0.203 
0.685320220737 0.035 0.685320220737 0.033 0.306557108774 0.821 1.84046426155 0.175 1.93039205609 0.199 
0.689986215446 0.033 0.689986215446 0.03 0.31038311965 0.809 1.84046426155 0.175 1.9422287338 0.193 
0.694652210155 0.03 0.694652210154 0.028 0.314209130526 0.794 1.84046426155 0.175 1.9540654115 0.183 
0.699318204863 0.026 0.699318204863 0.023 0.318035141401 0.772 1.84046426155 0.175 1.96590208921 0.176 
0.703984199572 0.024 0.703984199572 0.021 0.321861152277 0.751 1.84046426155 0.175 1.97773876691 0.168 
0.70865019428 0.023 0.70865019428 0.018 0.325687163153 0.73 1.84046426155 0.175 1.98957544462 0.163 
0.713316188989 0.022 0.713316188989 0.017 0.329513174029 0.702 1.84046426155 0.056 2.00141212232 0.157 
0.717982183697 0.018 0.717982183697 0.015 0.333339184904 0.68 1.84046426155 0.056 2.01324880003 0.147 
0.722648178406 0.018 0.722648178406 0.015 0.33716519578 0.652 1.84046426155 0.056 2.02508547773 0.142 
0.727314173114 0.018 0.727314173114 0.015 0.340991206656 0.615 1.84046426155 0.056 2.03692215544 0.137 
0.731980167823 0.017 0.731980167823 0.012 0.344817217531 0.584 1.84046426155 0.056 2.04875883314 0.134 
0.736646162531 0.013 0.736646162531 0.01 0.348643228407 0.564 1.84046426155 0.056 2.06059551085 0.13 
0.74131215724 0.011 0.74131215724 0.008 0.352469239283 0.536 1.84046426155 0.056 2.07243218855 0.122 
0.745978151948 0.011 0.745978151948 0.008 0.356295250159 0.505 1.84046426155 0.021 2.08426886626 0.116 
0.750644146657 0.01 0.750644146657 0.008 0.360121261034 0.465 1.84046426155 0.021 2.09610554396 0.112 
0.755310141365 0.01 0.755310141365 0.008 0.36394727191 0.423 1.84046426155 0.021 2.10794222167 0.106 
0.759976136074 0.01 0.759976136074 0.008 0.367773282786 0.381 1.84046426155 0.021 2.11977889937 0.102 
0.764642130782 0.01 0.764642130782 0.008 0.371599293662 0.341 1.84046426155 0.021 2.13161557708 0.094 
0.769308125491 0.01 0.769308125491 0.008 0.375425304537 0.303 1.84046426155 0.021 2.14345225478 0.089 
0.773974120199 0.009 0.773974120199 0.007 0.379251315413 0.266 1.84046426155 0.009 2.15528893248 0.087 
0.778640114908 0.007 0.778640114908 0.006 0.383077326289 0.229 1.84046426155 0.009 2.16712561019 0.079 
0.783306109617 0.007 0.783306109617 0.006 0.386903337164 0.192 1.84046426155 0.009 2.17896228789 0.075 
0.787972104325 0.007 0.787972104325 0.006 0.39072934804 0.164 1.84046426155 0.009 2.1907989656 0.072 
0.792638099034 0.005 0.792638099034 0.005 0.394555358916 0.14 1.84046426155 0.009 2.2026356433 0.067 
0.797304093742 0.001 0.797304093742 0.001 0.398381369792 0.109 1.84046426155 0.009 2.21447232101 0.064 
0.801970088451 0.001 0.801970088451 0.001 0.402207380667 0.09 1.84046426155 0.009 2.22630899871 0.061 
0.806636083159 0.001 0.806636083159 0.001 0.406033391543 0.068 1.84046426155 0.003 2.23814567642 0.058 
0.811302077868 0.001 0.811302077868 0.001 0.409859402419 0.055 1.84046426155 0.003 2.24998235412 0.054 
0.815968072576 0.001 0.815968072576 0.001 0.413685413294 0.036 1.84046426155 0.003 2.26181903183 0.05 
0.820634067285 0.001 0.820634067285 0.001 0.41751142417 0.029 1.84046426155 0.003 2.27365570953 0.048 
0.825300061993 0.001 0.825300061993 0.001 0.421337435046 0.023 1.84046426155 0.003 2.28549238724 0.043 
0.829966056702 0.001 0.829966056702 0.001 0.425163445922 0.017 1.84046426155 0.003 2.29732906494 0.038 
0.83463205141 0.001 0.83463205141 0.001 0.428989456797 0.014 1.84046426155 0.003 2.30916574265 0.03 
0.839298046119 0.001 0.839298046119 0.001 0.432815467673 0.008 1.84046426155 0.001 2.32100242035 0.028 
0.843964040827 0.001 0.843964040827 0.001 0.436641478549 0.007 1.84046426155 0.001 2.33283909806 0.02 
0.848630035536 0.001 0.848630035536 0.001 0.440467489424 0.005 1.84046426155 0.001 2.34467577576 0.014 
0.853296030244 0.001 0.853296030244 0.001 0.4442935003 0.004 1.84046426155 0.001 2.35651245347 0.01 
0.857962024953 0.001 0.857962024953 0.001 0.448119511176 0.001 1.84046426155 0.001 2.36834913117 0.005 
0.862628019661 0.0 0.862628019661 0.0 0.451945522052 0.0 1.84046426155 0.0 2.38018580888 0.0 
0.86729401437 0.0 0.86729401437 0.0 0.455771532927 0.0 1.84046426155 0.0 2.39202248658 0.0 
