x_range mlu lu90 lu50 ahc competitive_ratio 
0 0.258688029886 0.258688029886 0.0144029117128 1.25050046463 1.00000000079 
1 0.268462762788 0.268462762788 0.0793731932428 1.25101334071 1.00000000079 
2 0.274843358966 0.274843358965 0.102570927108 1.25153810773 1.00000000079 
3 0.280202025698 0.280202025698 0.112444348649 1.25252182909 1.00000000079 
4 0.284215288386 0.284215288385 0.121794371494 1.25331557952 1.00000000079 
5 0.28719801853 0.287198018529 0.13496509328 1.25405986403 1.00000000079 
6 0.290480653041 0.290480653041 0.138153857527 1.25451341672 1.00000000079 
7 0.292970939539 0.292970939538 0.147152309944 1.25517246635 1.00000000079 
8 0.295240408145 0.295240408145 0.152259720407 1.2561939983 1.00000000079 
9 0.298048502061 0.298048502061 0.157462452251 1.25716652765 1.00000000079 
10 0.300169328613 0.300169328611 0.162029101236 1.25782538038 1.00000000079 
11 0.301826388786 0.301826388786 0.167028079827 1.2587557201 1.00000000079 
12 0.305657613885 0.305657613885 0.172757670053 1.259635745 1.00000000079 
13 0.307345824591 0.307345824591 0.176619977526 1.26031151724 1.00000000079 
14 0.308859240166 0.308859240166 0.179001609587 1.26097545441 1.00000000079 
15 0.311630692887 0.311630692886 0.185027806492 1.26142094865 1.00000000079 
16 0.312958587713 0.312958587712 0.189950403924 1.26197548294 1.00000000079 
17 0.314493527514 0.314493527514 0.194849635727 1.26225041221 1.00000000079 
18 0.317060966456 0.317060966456 0.197799956584 1.26268186332 1.00000000079 
19 0.319651175847 0.319651175846 0.20056942021 1.26310674594 1.00000000079 
20 0.321868058008 0.321868058007 0.202891422958 1.26382905321 1.00000000079 
21 0.325233232877 0.325233232877 0.206499872179 1.26422588553 1.00000000079 
22 0.32762781314 0.32762781314 0.208653174641 1.26467267919 1.00000000079 
23 0.330112308981 0.33011230898 0.212762947338 1.26528374179 1.00000000079 
24 0.331526465496 0.331526465496 0.21395232837 1.26564397538 1.00000000079 
25 0.333533483415 0.333533483415 0.216715895042 1.26640023276 1.00000000079 
26 0.33571821827 0.335718218269 0.217993264986 1.26679425063 1.00000000079 
27 0.338076829766 0.338076829766 0.219969894816 1.26722912475 1.00000000079 
28 0.339916878824 0.339916878824 0.221981093816 1.26766133266 1.00000000079 
29 0.34129168208 0.34129168208 0.224021286312 1.26805708379 1.00000000079 
30 0.344108668256 0.344108668256 0.225876815646 1.26856090809 1.00000000079 
31 0.34564688998 0.34564688998 0.227815066995 1.26905914808 1.01241993084 
32 0.347629544833 0.347629544833 0.229505397165 1.26976525244 1.03624603806 
33 0.349172441177 0.349172441176 0.230156280658 1.27013604666 1.04973527351 
34 0.351269313933 0.351269313933 0.231313836119 1.27074833112 1.065988331 
35 0.353218100937 0.353218100937 0.232726370918 1.27135771222 1.08286959674 
36 0.355031290063 0.355031290063 0.23570551362 1.27188951684 1.10054010964 
37 0.358183990285 0.358183990284 0.237540660361 1.27234286058 1.12108551619 
38 0.361352333872 0.361352333871 0.238955532775 1.27260401937 1.13441608442 
39 0.36325052502 0.36325052502 0.240684126643 1.27285735019 1.16125341722 
40 0.365203183972 0.365203183972 0.241426795685 1.27339124551 1.17875943796 
41 0.367488814771 0.367488814771 0.242611190842 1.2736994449 1.19198898439 
42 0.369358863714 0.369358863714 0.243283905169 1.27398634548 1.21877058194 
43 0.371249830199 0.371249830199 0.24479650985 1.27445367803 1.25751585055 
44 0.37227315691 0.372273156909 0.246032672275 1.2748217778 1.28308516473 
45 0.374790916782 0.374790916782 0.248081029204 1.27538143245 1.3095625021 
46 0.376308676532 0.37630867653 0.248573213382 1.27561905624 1.33014587758 
47 0.378613692003 0.378613692003 0.249987280884 1.27628193604 1.36172505444 
48 0.380993984085 0.380993984085 0.251536502408 1.27662440035 1.37790800041 
49 0.382744324944 0.382744324944 0.253511584528 1.27686294978 1.39693460497 
50 0.384659005198 0.384659005198 0.254501741246 1.27715915795 1.42034685485 
51 0.3867273411 0.3867273411 0.255235084745 1.27752722031 1.44598817076 
52 0.387394925593 0.387394925593 0.256563343535 1.2780639463 1.49461018211 
53 0.389305196127 0.389305196127 0.257869785506 1.27832852611 1.51833718247 
54 0.390819193297 0.390819193296 0.25903281579 1.27868770683 1.53677011695 
55 0.393062079401 0.393062079401 0.260333068329 1.27903753336 1.54897515233 
56 0.395315988363 0.395315988363 0.261989945001 1.2793287123 1.54897515233 
57 0.397056040864 0.397056040862 0.263129927184 1.27965925212 1.54897515233 
58 0.398295546068 0.398295546067 0.263803591887 1.27990731725 1.54897515233 
59 0.400260742798 0.400260742796 0.265486411868 1.28029865898 1.54897515233 
60 0.4020916053 0.4020916053 0.266295980747 1.2805492833 1.54897515233 
61 0.404938442474 0.404938442474 0.268001724053 1.2808247068 1.54897515233 
62 0.407560886978 0.407560886978 0.269005985938 1.28119556992 1.54897515233 
63 0.409817509542 0.409817509542 0.269928491187 1.28137523327 1.54897515233 
64 0.41195613382 0.41195613382 0.272095286713 1.28161520177 1.54897515233 
65 0.416146678016 0.416146678016 0.273388832105 1.28188704108 1.54897515233 
66 0.418889888894 0.418889888894 0.274596865002 1.28210787123 1.54897515233 
67 0.421503167507 0.421503167507 0.275948170837 1.28249476367 1.54897515233 
68 0.4244602334 0.424460233399 0.276955958068 1.28296804891 1.54897515233 
69 0.427582453414 0.427582453413 0.278295892382 1.28362709089 1.54897515233 
70 0.429975420948 0.429975420946 0.279176292931 1.28384404924 1.54897515233 
71 0.431763180827 0.431763180827 0.280695908031 1.28439196574 1.54897515233 
72 0.433939706784 0.433939706783 0.282032997437 1.28479797673 1.54897515233 
73 0.436883487198 0.436883487198 0.283576585636 1.28510818746 1.54897515233 
74 0.441867857959 0.441867857959 0.284843696036 1.28575615201 1.54897515233 
75 0.445822578837 0.445822578837 0.285757467075 1.28627842805 1.54897515233 
76 0.450189882489 0.450189882488 0.286971303581 1.28666689207 1.56982318313 
77 0.452986425561 0.452986425561 0.288881064876 1.28735130442 1.56982318313 
78 0.459208413699 0.459208413698 0.289661632009 1.28771094504 1.56982318313 
79 0.463492706427 0.463492706427 0.291643280216 1.28818722198 1.56982318313 
80 0.468260751825 0.468260751823 0.293160197017 1.28881573546 1.56982318313 
81 0.471842685726 0.471842685726 0.294703089065 1.28915214126 1.56982318313 
82 0.475746703048 0.475746703048 0.296521438633 1.2900333593 1.56982318313 
83 0.484018429566 0.484018429566 0.298530762041 1.29077784927 1.56982318313 
84 0.48970612726 0.48970612726 0.300365817421 1.29152920621 1.56982318313 
85 0.494616011378 0.494616011378 0.302161313838 1.29219121334 1.56982318313 
86 0.500773679284 0.500773679282 0.304845752997 1.29278031193 1.56982318313 
87 0.506161918516 0.506161918514 0.307013237639 1.29329483938 1.56982318313 
88 0.510995618217 0.510995618217 0.310574607587 1.29390374648 1.56982318313 
89 0.518255315337 0.518255315337 0.31385551477 1.2953976691 1.56982318313 
90 0.523137992129 0.523137992129 0.316601954165 1.29619384635 1.56982318313 
91 0.530617920827 0.530617920825 0.318577346817 1.29752451251 1.56982318313 
92 0.540681624233 0.540681624233 0.323781551688 1.29846042349 1.56982318313 
93 0.550677549189 0.550677549189 0.326140902921 1.30043189482 1.56982318313 
94 0.562081340762 0.56208134076 0.331402104667 1.30165624551 1.56982318313 
95 0.571307283651 0.571307283649 0.336973602786 1.30411107036 1.56982318313 
96 0.583107051793 0.583107051793 0.341615426514 1.30600401391 1.56982318313 
97 0.600108376166 0.600108376166 0.347397001181 1.30784391357 1.56982318313 
98 0.619036234693 0.619036234691 0.35629656876 1.30993158987 1.56982318313 
99 0.651010451511 0.651010451511 0.362216434383 1.31262627141 1.56982318313 
100 0.758589065186 0.758589065186 0.377829404653 1.32270005849 1.56982318313 
