x_range mlu lu90 lu50 ahc competitive_ratio 
0 0.284310394269 0.284310394265 0.0144029117109 1.30537265609 1.00000000005 
1 0.287895181848 0.287895181844 0.0793731931847 1.30677205268 1.00000000005 
2 0.290582865935 0.290582865935 0.105844808899 1.30793458457 1.00000000005 
3 0.293526758975 0.293526758972 0.113108878516 1.30854260159 1.00000000005 
4 0.297205772227 0.297205772227 0.127549143372 1.30895893448 1.00000000005 
5 0.299550419184 0.299550419183 0.136301276315 1.30951705951 1.00000000005 
6 0.300533529455 0.300533529451 0.141081325708 1.31027572776 1.00000000005 
7 0.302165158458 0.302165158458 0.148928273317 1.31090611467 1.00000000005 
8 0.306255857337 0.306255857334 0.154063427396 1.31134662799 1.00000000005 
9 0.307658988627 0.307658988627 0.158631816722 1.31170937123 1.00000000005 
10 0.310291495414 0.310291495411 0.163226241304 1.31224281392 1.00000000005 
11 0.313016457548 0.313016457548 0.169344932476 1.31257030175 1.00000000005 
12 0.314939108697 0.314939108693 0.173101263552 1.31300361875 1.00000000005 
13 0.317274338448 0.317274338443 0.177229918096 1.31332065152 1.00000000005 
14 0.320230365576 0.320230365573 0.179324738025 1.31364413593 1.00000000005 
15 0.322000768752 0.322000768748 0.185344993916 1.31387956756 1.00000000005 
16 0.325233232639 0.325233232639 0.1899504039 1.31414373221 1.00000000005 
17 0.327930951083 0.327930951083 0.195448608946 1.31449131136 1.00000000005 
18 0.330112308936 0.330112308936 0.199257131116 1.31479605032 1.00000000005 
19 0.332149015514 0.332149015514 0.202428528031 1.31507237431 1.00000000005 
20 0.333079519112 0.333079519112 0.205694160119 1.31534762095 1.00000000005 
21 0.335484858357 0.335484858354 0.208219874435 1.31553464993 1.00000000005 
22 0.338121283753 0.338121283749 0.212950299359 1.31590619665 1.00000000005 
23 0.340028491168 0.340028491164 0.214059222583 1.31612582702 1.00000000005 
24 0.341991212553 0.341991212549 0.216644679852 1.3164572182 1.00000000005 
25 0.344183566894 0.344183566894 0.217993264957 1.31685136186 1.00000000005 
26 0.345646889727 0.345646889727 0.220633045969 1.31711458878 1.00000000005 
27 0.347629544791 0.347629544791 0.222337249068 1.31750630087 1.00000000005 
28 0.349033725783 0.349033725783 0.224202748077 1.31769789678 1.00000000005 
29 0.351301719188 0.351301719184 0.226017754197 1.31813469936 1.00763832358 
30 0.353211532967 0.353211532966 0.228391588349 1.31840564686 1.02415880519 
31 0.35471039871 0.35471039871 0.22964869247 1.31859220588 1.04527135621 
32 0.357038215035 0.35703821503 0.230711213562 1.31891463275 1.06110728394 
33 0.359733229605 0.359733229601 0.231445645613 1.3190882264 1.07401277195 
34 0.361666738069 0.361666738069 0.233431373577 1.31938693063 1.08544342778 
35 0.363521530095 0.363521530095 0.235957705284 1.31955010445 1.10465038163 
36 0.365290780985 0.365290780981 0.237900823489 1.31992721184 1.12159906572 
37 0.367329302227 0.367329302222 0.239734494736 1.32008762204 1.14925692789 
38 0.369358863444 0.369358863444 0.241059954346 1.32031048205 1.16964800537 
39 0.370959979228 0.370959979228 0.242063133243 1.32050074509 1.1787594378 
40 0.371819724603 0.371819724603 0.243179312706 1.32081784832 1.19198898424 
41 0.375088826993 0.375088826993 0.244464553934 1.32106236472 1.23779462399 
42 0.377661120077 0.377661120077 0.245358680713 1.32116533128 1.25952471651 
43 0.380325236268 0.380325236268 0.247424126495 1.32135677572 1.28553572251 
44 0.381229639836 0.381229639831 0.248239445076 1.32158487845 1.30956250191 
45 0.383142088477 0.383142088476 0.249267682315 1.32188181778 1.33930306497 
46 0.384520808482 0.384520808478 0.251310183766 1.32213597605 1.36172505425 
47 0.386250688184 0.386250688184 0.253501388256 1.32238090603 1.38089920294 
48 0.38739492531 0.38739492531 0.254510095639 1.32259477779 1.4089311689 
49 0.389219644846 0.389219644846 0.255332046506 1.32281807284 1.43733897236 
50 0.390813070703 0.390813070703 0.256734479742 1.32309560704 1.44924022294 
51 0.392398244101 0.392398244095 0.258427267052 1.32329665507 1.50469974866 
52 0.394349061337 0.394349061336 0.259523984264 1.32346299028 1.52986540524 
53 0.395497727232 0.395497727232 0.261295064135 1.32371427246 1.54897515211 
54 0.397694155245 0.397694155245 0.262199957032 1.32382418499 1.54897515211 
55 0.399160018653 0.399160018649 0.263490112052 1.32397045184 1.54897515211 
56 0.400456596815 0.400456596815 0.264426432896 1.32411783186 1.54897515211 
57 0.402341177832 0.402341177826 0.265849468123 1.32428051221 1.54897515211 
58 0.404755679905 0.404755679901 0.266884906128 1.32447317875 1.54897515211 
59 0.408035186819 0.408035186818 0.268344138524 1.32464354046 1.54897515211 
60 0.410209338376 0.410209338376 0.269237142363 1.32485642317 1.54897515211 
61 0.411593475473 0.411593475473 0.269695022842 1.32496083262 1.54897515211 
62 0.414961930096 0.41496193009 0.271522844507 1.32521382372 1.54897515211 
63 0.417246609773 0.417246609773 0.272747286535 1.32550798697 1.54897515211 
64 0.420040134246 0.420040134241 0.274198245219 1.32567241252 1.54897515211 
65 0.422070424024 0.422070424024 0.275696097535 1.32590122914 1.54897515211 
66 0.426265167133 0.426265167128 0.276244556776 1.32606059447 1.54897515211 
67 0.427625910286 0.42762591028 0.277460455174 1.32624581032 1.55221639327 
68 0.429975420888 0.429975420888 0.278393340508 1.32638786179 1.56982318294 
69 0.431763180511 0.431763180511 0.279269409295 1.32670026478 1.56982318294 
70 0.434142928062 0.434142928062 0.280653452589 1.3268955571 1.56982318294 
71 0.435988459109 0.435988459109 0.281553018333 1.32720517131 1.56982318294 
72 0.439425172685 0.439425172685 0.282711499444 1.32749840336 1.56982318294 
73 0.443858163925 0.443858163925 0.283576585905 1.32764797749 1.56982318294 
74 0.447129102879 0.447129102879 0.284843696 1.32789538059 1.56982318294 
75 0.450189882434 0.450189882434 0.28575746704 1.32813146753 1.56982318294 
76 0.452641478331 0.452641478331 0.286971303817 1.32852502323 1.56982318294 
77 0.457029888727 0.457029888726 0.288881065114 1.32882150896 1.56982318294 
78 0.459775217638 0.459775217633 0.289661632248 1.32907091423 1.56982318294 
79 0.463492706088 0.463492706088 0.291643280456 1.32952317343 1.56982318294 
80 0.46826075176 0.468260751759 0.293160196977 1.32969933684 1.56982318294 
81 0.471842685381 0.471842685381 0.294703089307 1.33018754634 1.56982318294 
82 0.4757467027 0.4757467027 0.296521438595 1.33045860041 1.56982318294 
83 0.484018429507 0.484018429507 0.298530762003 1.33082355528 1.56982318294 
84 0.4897061272 0.4897061272 0.300365817384 1.33115317703 1.56982318294 
85 0.494616011016 0.494616011016 0.302161314087 1.33178280376 1.56992518752 
86 0.500773679214 0.500773679214 0.304845752958 1.33225382416 1.58088702563 
87 0.506161918445 0.506161918445 0.307013237892 1.33258284076 1.60764310402 
88 0.510995618155 0.510995618154 0.310574607545 1.33293877731 1.62002688333 
89 0.518255314958 0.518255314958 0.313855514729 1.33337296207 1.63871278503 
90 0.523137992066 0.523137992066 0.316601954124 1.33399196047 1.65643446378 
91 0.530617920753 0.530617920753 0.318577347079 1.33454129413 1.67303239674 
92 0.540681624168 0.540681624167 0.323781551649 1.33553475213 1.6888166148 
93 0.550677548786 0.550677548786 0.326140902881 1.33623504433 1.71172449956 
94 0.562081340684 0.562081340683 0.331402104624 1.33753490819 1.73768109251 
95 0.571307283572 0.571307283571 0.336973602742 1.33875498422 1.76589321688 
96 0.583107051367 0.583107051367 0.341615426467 1.33982241438 1.78979137861 
97 0.600108375727 0.600108375727 0.347397001133 1.34055523525 1.80033098767 
98 0.619036234607 0.619036234607 0.356296568711 1.34147847527 1.82047371154 
99 0.651010451432 0.651010451431 0.362216434334 1.34343534235 1.83922050856 
100 0.758589065095 0.758589065094 0.377829404611 1.34933333706 1.85762550984 
