x_range mlu lu90 lu50 ahc competitive_ratio 
0 0.700251840802 0.512092079348 0.206785463606 1.93 1.11750073346 
1 0.745161119146 0.552430218413 0.227503577696 1.93 1.19066333442 
2 0.77377494782 0.566167977632 0.236219276358 1.93 1.22819291815 
3 0.788460484627 0.58071565822 0.246239600815 1.93 1.25902166228 
4 0.801830009444 0.585975631939 0.260741857839 1.93 1.2777417846 
5 0.811218191894 0.592435299612 0.271449368807 1.93 1.29247779756 
6 0.821725762646 0.597621055577 0.2764349279 1.93 1.3051600376 
7 0.82709634278 0.603803237144 0.28553720095 1.93 1.31707909812 
8 0.830462498879 0.606615836909 0.29566797034 1.93 1.32617825958 
9 0.838514464391 0.6128191836 0.299193275964 1.93 1.33682094657 
10 0.845286215022 0.617635681611 0.303464586437 1.93 1.35029239318 
11 0.849650339969 0.621400275591 0.311096728184 1.93 1.35561650294 
12 0.854026480564 0.625698900667 0.315174761224 1.93 1.36486672408 
13 0.859367189413 0.630190624057 0.320357213569 1.93 1.37109461175 
14 0.861724415184 0.634384952618 0.32264136062 1.93 1.38102443311 
15 0.865314848876 0.638926797704 0.325995033442 1.93 1.3927685937 
16 0.872157106563 0.644304910633 0.329970157387 1.93 1.40264472804 
17 0.878972290586 0.647141817764 0.335224091943 1.93 1.41151641126 
18 0.885626798382 0.650434949168 0.337101039232 1.93 1.41744802164 
19 0.887477305691 0.654397425318 0.340320668226 1.93 1.42727838604 
20 0.893525466585 0.658552833677 0.342705018513 1.93 1.43696320436 
21 0.897285718448 0.659536133714 0.346094303176 1.93 1.44895176943 
22 0.902408886855 0.661582977094 0.348619026675 1.93 1.45932264127 
23 0.906396656129 0.663534083002 0.351575018925 1.93 1.47039484373 
24 0.911077024534 0.665392735752 0.355000943658 1.93 1.47997110515 
25 0.917709265797 0.667208980234 0.35666315092 1.93 1.48782253228 
26 0.92080944549 0.670811157291 0.360256998364 1.93 1.4959314445 
27 0.923869773405 0.673424509002 0.362041120451 1.93 1.50475880139 
28 0.92709103506 0.675538993883 0.366037947773 1.93 1.51487917578 
29 0.932520363094 0.67719538225 0.368009844201 1.93 1.52330882538 
30 0.934853468641 0.679387426598 0.369935013833 1.93 1.53212301102 
31 0.936409237022 0.683077954864 0.372928551033 1.93 1.53817837999 
32 0.939932128525 0.686286284885 0.376572904894 1.93 1.54460462899 
33 0.945547069405 0.689676312942 0.378855719486 1.93 1.5507478332 
34 0.950710325705 0.693153419504 0.381842690955 1.93 1.5577634763 
35 0.954204096325 0.696014826554 0.383863093317 1.93 1.56998314163 
36 0.957249734976 0.699465424264 0.384956524056 1.93 1.58338002393 
37 0.962718756207 0.702651023657 0.387138546378 1.93 1.59348511012 
38 0.965522965504 0.705733613912 0.388767573935 1.93 1.60619051014 
39 0.967226145252 0.70867174419 0.390996578094 1.93 1.61623544787 
40 0.970396851331 0.710193571321 0.392302018031 1.93 1.62846746022 
41 0.975366990839 0.711635326412 0.394899130786 1.93 1.63801028906 
42 0.978549504444 0.713071409016 0.397480335168 1.93 1.64272098205 
43 0.981223062573 0.716406820947 0.397959183673 1.93 1.65286183632 
44 0.984521275314 0.718543814639 0.397959183673 1.93 1.66871675442 
45 0.988230026874 0.721265085315 0.397959183673 1.93 1.68061501439 
46 0.993574472882 0.72288971909 0.397959183673 1.93 1.68639683385 
47 0.999693818247 0.724807373727 0.397959183673 1.93 1.69660443936 
48 1.0037367717 0.727062481859 0.397959183673 1.93 1.71057418423 
49 1.00781609012 0.729171727993 0.397959183673 1.93 1.72167117415 
50 1.0115918448 0.731041089771 0.397959183673 1.93 1.73125752832 
51 1.01722055749 0.734364825449 0.397959183673 1.93 1.73683596253 
52 1.01964239183 0.736924366997 0.397959183673 1.93 1.74228480871 
53 1.0243184936 0.740584466683 0.397959183673 1.93 1.75504148667 
54 1.03034937611 0.742396581673 0.397959183673 1.93 1.76264287218 
55 1.03576605284 0.745058357324 0.397959183673 1.93 1.77875969913 
56 1.03892156421 0.748505936651 0.397959183673 1.93 1.79931348298 
57 1.04395471018 0.750434964472 0.397959183673 1.93 1.80725814248 
58 1.04704732995 0.752817323334 0.397959183673 1.93 1.82100933635 
59 1.0559806373 0.756612143218 0.397959183673 1.93 1.8280424755 
60 1.06242620553 0.75882365269 0.397959183673 1.93 1.8362551478 
61 1.06794901147 0.762103457024 0.397959183673 1.93 1.84579100009 
62 1.07402808722 0.765255140588 0.397959183673 1.93 1.85428971227 
63 1.07892115102 0.76715579959 0.397959183673 1.93 1.86425121256 
64 1.08407288074 0.771648542381 0.397959183673 1.93 1.87496893294 
65 1.08891885116 0.775154621825 0.397959183673 1.93 1.88740244223 
66 1.09298639642 0.778711918942 0.397959183673 1.93 1.89528522225 
67 1.09725387957 0.781857097386 0.397959183673 1.93 1.90331509917 
68 1.10098288976 0.78559328629 0.397959183673 1.93 1.90882305088 
69 1.10818555756 0.788016656446 0.397959183673 1.93 1.91717283741 
70 1.11180759485 0.790656669936 0.397959183673 1.93 1.92136448141 
71 1.11563494197 0.794324564603 0.397959183673 1.93 1.92774331902 
72 1.12463678827 0.797230664614 0.397959183673 1.93 1.93351595347 
73 1.13348652304 0.799795472059 0.397959183673 1.93 1.9429655981 
74 1.14108766555 0.803882665092 0.397959183673 1.93 1.95486524473 
75 1.14869789816 0.806348692941 0.397959183673 1.93 1.96145140435 
76 1.15481293683 0.809875469414 0.397959183673 1.93 1.96593386319 
77 1.16288022505 0.811942158645 0.397959183673 1.93 1.97370268561 
78 1.17119831837 0.814739984229 0.397959183673 1.93 1.98194865154 
79 1.17966328715 0.820683822593 0.397959183673 1.93 1.98816030372 
80 1.18647676407 0.82573689412 0.397959183673 1.93 1.99668842825 
81 1.19163932655 0.831110761973 0.397959183673 1.93 2.00374214556 
82 1.19828282408 0.833666359478 0.397959183673 1.93 2.00872249854 
83 1.20710627652 0.838622207222 0.397959183673 1.93 2.01776385972 
84 1.21480425388 0.844593971585 0.397959183673 1.93 2.02940435881 
85 1.22323213313 0.851359164081 0.397959183673 1.93 2.03531633669 
86 1.23012103018 0.856857654541 0.397959183673 1.93 2.03961233788 
87 1.23591086641 0.862341325984 0.397959183673 1.93 2.04797607664 
88 1.24762543617 0.866424207998 0.397959183673 1.93 2.05446130778 
89 1.25455399479 0.877760104302 0.397959183673 1.93 2.06098252324 
90 1.27090671757 0.887558122237 0.397959183673 1.93 2.06641340456 
91 1.28629594135 0.898475426149 0.397959183673 1.93 2.0726434324 
92 1.29620104571 0.908323928099 0.397959183673 1.93 2.07747747394 
93 1.31124985096 0.919438852642 0.397959183673 1.93 2.08620664543 
94 1.32723072733 0.930165413757 0.397959183673 1.93 2.0925332694 
95 1.34366227405 0.95490134763 0.397959183673 1.93 2.10546447916 
96 1.37508029893 0.986957969812 0.397959183673 1.93 2.11088374827 
97 1.39731253989 1.01314371081 0.397959183673 1.93 2.11637091952 
98 1.4328859753 1.04670589383 0.397959183673 1.93 2.12409168496 
99 1.4827656873 1.10277535342 0.397959183673 1.93 2.13212630578 
100 1.57899747632 1.38907368803 0.397959183673 1.93 2.1424609648 
