mlu_x mlu_y lu90_x lu90_y lu50_x lu50_y ahc_x ahc_y competitive_ratio_x competitive_ratio_y 
0.489408722638 0.998 0.404674775501 0.999 0.107774498733 0.999 1.67864288244 1.0 1.24390453804 0.99 
0.496692092354 0.995 0.40985068511 0.999 0.109708941035 0.999 1.67864288244 0.999 1.25147056092 0.988 
0.50397546207 0.995 0.415026594719 0.999 0.111643383336 0.999 1.67864288244 0.999 1.2590365838 0.984 
0.511258831786 0.993 0.420202504327 0.997 0.113577825638 0.999 1.67864288244 0.999 1.26660260667 0.979 
0.518542201501 0.989 0.425378413936 0.996 0.115512267939 0.999 1.67864288244 0.999 1.27416862955 0.975 
0.525825571217 0.982 0.430554323545 0.996 0.117446710241 0.999 1.67864288244 0.999 1.28173465242 0.97 
0.533108940933 0.978 0.435730233154 0.993 0.119381152542 0.998 1.67864288244 0.996 1.2893006753 0.965 
0.540392310649 0.973 0.440906142762 0.99 0.121315594844 0.998 1.67864288244 0.996 1.29686669817 0.954 
0.547675680365 0.963 0.446082052371 0.983 0.123250037145 0.998 1.67864288244 0.996 1.30443272105 0.94 
0.55495905008 0.947 0.45125796198 0.979 0.125184479447 0.998 1.67864288244 0.996 1.31199874393 0.933 
0.562242419796 0.934 0.456433871589 0.966 0.127118921748 0.996 1.67864288244 0.996 1.3195647668 0.931 
0.569525789512 0.924 0.461609781198 0.959 0.129053364049 0.996 1.67864288244 0.996 1.32713078968 0.918 
0.576809159228 0.912 0.466785690806 0.942 0.130987806351 0.992 1.67864288244 0.981 1.33469681255 0.909 
0.584092528944 0.893 0.471961600415 0.926 0.132922248652 0.992 1.67864288244 0.981 1.34226283543 0.896 
0.591375898659 0.875 0.477137510024 0.903 0.134856690954 0.99 1.67864288244 0.981 1.34982885831 0.884 
0.598659268375 0.862 0.482313419633 0.88 0.136791133255 0.988 1.67864288244 0.981 1.35739488118 0.873 
0.605942638091 0.838 0.487489329241 0.86 0.138725575557 0.985 1.67864288244 0.981 1.36496090406 0.868 
0.613226007807 0.814 0.49266523885 0.838 0.140660017858 0.982 1.67864288244 0.981 1.37252692693 0.857 
0.620509377523 0.78 0.497841148459 0.815 0.14259446016 0.98 1.67864288244 0.961 1.38009294981 0.842 
0.627792747238 0.761 0.503017058068 0.783 0.144528902461 0.975 1.67864288244 0.961 1.38765897269 0.833 
0.635076116954 0.733 0.508192967677 0.751 0.146463344763 0.971 1.67864288244 0.961 1.39522499556 0.823 
0.64235948667 0.705 0.513368877285 0.729 0.148397787064 0.966 1.67864288244 0.961 1.40279101844 0.809 
0.649642856386 0.686 0.518544786894 0.696 0.150332229366 0.964 1.67864288244 0.961 1.41035704131 0.797 
0.656926226102 0.661 0.523720696503 0.67 0.152266671667 0.959 1.67864288244 0.961 1.41792306419 0.785 
0.664209595817 0.638 0.528896606112 0.646 0.154201113969 0.953 1.67864288244 0.907 1.42548908707 0.776 
0.671492965533 0.62 0.53407251572 0.618 0.15613555627 0.947 1.67864288244 0.907 1.43305510994 0.76 
0.678776335249 0.598 0.539248425329 0.578 0.158069998572 0.946 1.67864288244 0.907 1.44062113282 0.739 
0.686059704965 0.563 0.544424334938 0.547 0.160004440873 0.939 1.67864288244 0.907 1.44818715569 0.725 
0.693343074681 0.527 0.549600244547 0.512 0.161938883175 0.935 1.67864288244 0.907 1.45575317857 0.71 
0.700626444396 0.491 0.554776154156 0.485 0.163873325476 0.93 1.67864288244 0.907 1.46331920145 0.695 
0.707909814112 0.461 0.559952063764 0.456 0.165807767778 0.928 1.67864288244 0.833 1.47088522432 0.674 
0.715193183828 0.444 0.565127973373 0.429 0.167742210079 0.92 1.67864288244 0.833 1.4784512472 0.647 
0.722476553544 0.42 0.570303882982 0.401 0.169676652381 0.917 1.67864288244 0.833 1.48601727007 0.633 
0.72975992326 0.398 0.575479792591 0.376 0.171611094682 0.914 1.67864288244 0.833 1.49358329295 0.614 
0.737043292975 0.384 0.5806557022 0.357 0.173545536984 0.907 1.67864288244 0.833 1.50114931582 0.595 
0.744326662691 0.365 0.585831611808 0.325 0.175479979285 0.904 1.67864288244 0.833 1.5087153387 0.578 
0.751610032407 0.35 0.591007521417 0.299 0.177414421587 0.901 1.67864288244 0.727 1.51628136158 0.564 
0.758893402123 0.334 0.596183431026 0.29 0.179348863888 0.897 1.67864288244 0.727 1.52384738445 0.541 
0.766176771839 0.315 0.601359340635 0.266 0.18128330619 0.893 1.67864288244 0.727 1.53141340733 0.526 
0.773460141554 0.291 0.606535250243 0.248 0.183217748491 0.888 1.67864288244 0.727 1.5389794302 0.507 
0.78074351127 0.278 0.611711159852 0.229 0.185152190793 0.881 1.67864288244 0.727 1.54654545308 0.486 
0.788026880986 0.263 0.616887069461 0.211 0.187086633094 0.872 1.67864288244 0.727 1.55411147596 0.475 
0.795310250702 0.245 0.62206297907 0.192 0.189021075396 0.867 1.67864288244 0.595 1.56167749883 0.458 
0.802593620417 0.235 0.627238888679 0.175 0.190955517697 0.856 1.67864288244 0.595 1.56924352171 0.442 
0.809876990133 0.216 0.632414798287 0.167 0.192889959999 0.85 1.67864288244 0.595 1.57680954458 0.415 
0.817160359849 0.205 0.637590707896 0.152 0.1948244023 0.839 1.67864288244 0.595 1.58437556746 0.396 
0.824443729565 0.192 0.642766617505 0.138 0.196758844602 0.829 1.67864288244 0.595 1.59194159034 0.383 
0.831727099281 0.176 0.647942527114 0.126 0.198693286903 0.822 1.67864288244 0.595 1.59950761321 0.365 
0.839010468996 0.163 0.653118436722 0.113 0.200627729205 0.818 1.67864288244 0.418 1.60707363609 0.342 
0.846293838712 0.153 0.658294346331 0.099 0.202562171506 0.804 1.67864288244 0.418 1.61463965896 0.328 
0.853577208428 0.147 0.66347025594 0.09 0.204496613808 0.794 1.67864288244 0.418 1.62220568184 0.315 
0.860860578144 0.137 0.668646165549 0.08 0.206431056109 0.782 1.67864288244 0.418 1.62977170472 0.302 
0.86814394786 0.126 0.673822075158 0.075 0.208365498411 0.774 1.67864288244 0.418 1.63733772759 0.285 
0.875427317575 0.112 0.678997984766 0.07 0.210299940712 0.765 1.67864288244 0.418 1.64490375047 0.273 
0.882710687291 0.104 0.684173894375 0.061 0.212234383014 0.757 1.67864288244 0.276 1.65246977334 0.259 
0.889994057007 0.096 0.689349803984 0.056 0.214168825315 0.744 1.67864288244 0.276 1.66003579622 0.247 
0.897277426723 0.092 0.694525713593 0.048 0.216103267617 0.734 1.67864288244 0.276 1.6676018191 0.225 
0.904560796439 0.086 0.699701623201 0.041 0.218037709918 0.722 1.67864288244 0.276 1.67516784197 0.211 
0.911844166154 0.084 0.70487753281 0.039 0.21997215222 0.71 1.67864288244 0.276 1.68273386485 0.196 
0.91912753587 0.078 0.710053442419 0.038 0.221906594521 0.695 1.67864288244 0.276 1.69029988772 0.185 
0.926410905586 0.072 0.715229352028 0.035 0.223841036823 0.691 1.67864288244 0.169 1.6978659106 0.176 
0.933694275302 0.069 0.720405261637 0.033 0.225775479124 0.68 1.67864288244 0.169 1.70543193348 0.163 
0.940977645018 0.065 0.725581171245 0.033 0.227709921426 0.672 1.67864288244 0.169 1.71299795635 0.152 
0.948261014733 0.062 0.730757080854 0.029 0.229644363727 0.662 1.67864288244 0.169 1.72056397923 0.144 
0.955544384449 0.059 0.735932990463 0.022 0.231578806029 0.655 1.67864288244 0.169 1.7281300021 0.132 
0.962827754165 0.057 0.741108900072 0.021 0.23351324833 0.639 1.67864288244 0.169 1.73569602498 0.118 
0.970111123881 0.052 0.746284809681 0.018 0.235447690632 0.621 1.67864288244 0.073 1.74326204785 0.109 
0.977394493597 0.047 0.751460719289 0.017 0.237382132933 0.61 1.67864288244 0.073 1.75082807073 0.098 
0.984677863312 0.046 0.756636628898 0.017 0.239316575235 0.598 1.67864288244 0.073 1.75839409361 0.092 
0.991961233028 0.045 0.761812538507 0.016 0.241251017536 0.586 1.67864288244 0.073 1.76596011648 0.08 
0.999244602744 0.042 0.766988448116 0.015 0.243185459838 0.573 1.67864288244 0.073 1.77352613936 0.075 
1.00652797246 0.04 0.772164357724 0.013 0.245119902139 0.566 1.67864288244 0.073 1.78109216223 0.069 
1.01381134218 0.037 0.777340267333 0.012 0.247054344441 0.55 1.67864288244 0.037 1.78865818511 0.067 
1.02109471189 0.035 0.782516176942 0.009 0.248988786742 0.521 1.67864288244 0.037 1.79622420799 0.065 
1.02837808161 0.033 0.787692086551 0.008 0.250923229044 0.47 1.67864288244 0.037 1.80379023086 0.057 
1.03566145132 0.031 0.79286799616 0.007 0.252857671345 0.42 1.67864288244 0.037 1.81135625374 0.054 
1.04294482104 0.029 0.798043905768 0.007 0.254792113647 0.373 1.67864288244 0.037 1.81892227661 0.052 
1.05022819075 0.028 0.803219815377 0.005 0.256726555948 0.338 1.67864288244 0.037 1.82648829949 0.047 
1.05751156047 0.028 0.808395724986 0.005 0.25866099825 0.315 1.67864288244 0.017 1.83405432237 0.043 
1.06479493019 0.026 0.813571634595 0.005 0.260595440551 0.299 1.67864288244 0.017 1.84162034524 0.035 
1.0720782999 0.025 0.818747544203 0.005 0.262529882853 0.268 1.67864288244 0.017 1.84918636812 0.032 
1.07936166962 0.023 0.823923453812 0.005 0.264464325154 0.238 1.67864288244 0.017 1.85675239099 0.027 
1.08664503933 0.022 0.829099363421 0.005 0.266398767456 0.208 1.67864288244 0.017 1.86431841387 0.027 
1.09392840905 0.021 0.83427527303 0.005 0.268333209757 0.188 1.67864288244 0.017 1.87188443675 0.025 
1.10121177877 0.02 0.839451182639 0.004 0.270267652059 0.17 1.67864288244 0.005 1.87945045962 0.02 
1.10849514848 0.017 0.844627092247 0.004 0.27220209436 0.143 1.67864288244 0.005 1.8870164825 0.019 
1.1157785182 0.013 0.849803001856 0.003 0.274136536662 0.123 1.67864288244 0.005 1.89458250537 0.016 
1.12306188791 0.01 0.854978911465 0.002 0.276070978963 0.111 1.67864288244 0.005 1.90214852825 0.013 
1.13034525763 0.01 0.860154821074 0.002 0.278005421265 0.101 1.67864288244 0.005 1.90971455113 0.013 
1.13762862734 0.008 0.865330730682 0.002 0.279939863566 0.086 1.67864288244 0.005 1.917280574 0.012 
1.14491199706 0.007 0.870506640291 0.002 0.281874305867 0.071 1.67864288244 0.003 1.92484659688 0.011 
1.15219536678 0.007 0.8756825499 0.002 0.283808748169 0.057 1.67864288244 0.003 1.93241261975 0.008 
1.15947873649 0.006 0.880858459509 0.002 0.28574319047 0.051 1.67864288244 0.003 1.93997864263 0.006 
1.16676210621 0.005 0.886034369118 0.002 0.287677632772 0.036 1.67864288244 0.003 1.9475446655 0.005 
1.17404547592 0.005 0.891210278726 0.001 0.289612075073 0.027 1.67864288244 0.003 1.95511068838 0.003 
1.18132884564 0.003 0.896386188335 0.001 0.291546517375 0.017 1.67864288244 0.003 1.96267671126 0.003 
1.18861221535 0.003 0.901562097944 0.001 0.293480959676 0.014 1.67864288244 0.001 1.97024273413 0.001 
1.19589558507 0.001 0.906738007553 0.001 0.295415401978 0.011 1.67864288244 0.001 1.97780875701 0.001 
1.20317895479 0.001 0.911913917161 0.001 0.297349844279 0.005 1.67864288244 0.001 1.98537477988 0.001 
1.2104623245 0.001 0.91708982677 0.001 0.299284286581 0.002 1.67864288244 0.001 1.99294080276 0.001 
1.21774569422 0.0 0.922265736379 0.0 0.301218728882 0.0 1.67864288244 0.0 2.00050682564 0.0 
1.22502906393 0.0 0.927441645988 0.0 0.303153171184 0.0 1.67864288244 0.0 2.00807284851 0.0 
