x_range mlu lu90 lu50 ahc competitive_ratio 
0 0.669040527921 0.546378230029 0.185692612373 1.84397475193 1.14484390758 
1 0.714552681587 0.576204122908 0.224803506941 1.84397475193 1.18897018419 
2 0.738296579138 0.585955822675 0.236314714383 1.84397475193 1.22362081707 
3 0.751180119574 0.59555748964 0.241284866565 1.84397475193 1.23901092554 
4 0.768317672878 0.600679571741 0.251210157196 1.84397475193 1.2524640127 
5 0.778465011377 0.608684486936 0.256744718012 1.84397475193 1.2665546005 
6 0.784004125489 0.619487979817 0.264952628916 1.84397475193 1.27903598078 
7 0.790511702118 0.626492920095 0.268937163615 1.84397475193 1.30013165593 
8 0.796538750959 0.631921320618 0.271419022281 1.84397475193 1.30952595162 
9 0.802310936014 0.635766703234 0.277897069121 1.84397475193 1.32055677583 
10 0.808479498831 0.639003039456 0.282956856358 1.84397475193 1.33454663833 
11 0.812301957176 0.643853050553 0.290715513856 1.84397475193 1.33945479938 
12 0.819738969817 0.647014486512 0.296191103135 1.84397475193 1.35428938189 
13 0.824794517353 0.649502913805 0.302071296378 1.84397475193 1.36107385081 
14 0.828428441773 0.65253821563 0.306198193907 1.84397475193 1.36810455642 
15 0.833255433765 0.654595073572 0.309990335117 1.84397475193 1.37497063664 
16 0.840142685867 0.658013604227 0.313431112961 1.84397475193 1.3799287966 
17 0.845084638969 0.661131172681 0.316441882385 1.84397475193 1.38707035521 
18 0.849467079039 0.66208976252 0.320857597914 1.84397475193 1.39070742626 
19 0.855903585384 0.665706898132 0.322488867546 1.84397475193 1.40005178528 
20 0.86088451274 0.66979422087 0.325875244118 1.84397475193 1.40809748741 
21 0.867073700589 0.672057525043 0.328879991565 1.84397475193 1.41381384275 
22 0.870587299882 0.673794050301 0.330716381084 1.84397475193 1.42188172744 
23 0.872467601973 0.675836840232 0.333598262335 1.84397475193 1.4325183595 
24 0.875282830288 0.67883143828 0.336690296129 1.84397475193 1.43720629963 
25 0.879891139944 0.680926093847 0.339893313648 1.84397475193 1.44210225316 
26 0.883230573482 0.684413494988 0.34201222572 1.84397475193 1.44764530712 
27 0.884665828038 0.687470923938 0.345030265083 1.84397475193 1.456455515 
28 0.886929726689 0.690332823511 0.349355679453 1.84397475193 1.46463453683 
29 0.89065967821 0.692762759983 0.351413007936 1.84397475193 1.47400037455 
30 0.895415732558 0.696608679767 0.354263818917 1.84397475193 1.47726294795 
31 0.89951132506 0.699048791881 0.356407168815 1.84397475193 1.48316683257 
32 0.902167986816 0.701630700533 0.35803293583 1.84397475193 1.48858609462 
33 0.903848524054 0.703821113672 0.359906516821 1.84397475193 1.49345067074 
34 0.90701182181 0.706191803362 0.36281307267 1.84397475193 1.5014165669 
35 0.911601312501 0.70898218557 0.364104398438 1.84397475193 1.51093661308 
36 0.91410749518 0.711216916386 0.366013404956 1.84397475193 1.52095893168 
37 0.917083819131 0.712371421612 0.368249847439 1.84397475193 1.52565008984 
38 0.920078628592 0.71448474107 0.369895606757 1.84397475193 1.53511826496 
39 0.92320193973 0.717843017773 0.371317691201 1.84397475193 1.54636703875 
40 0.928452801171 0.720069171396 0.374743661569 1.84397475193 1.55220263453 
41 0.931149122011 0.722100812553 0.376621893106 1.84397475193 1.56309421517 
42 0.935398489592 0.724638474609 0.379418939036 1.84397475193 1.57030940684 
43 0.940593567512 0.72608971149 0.381944153367 1.84397475193 1.58093220859 
44 0.943517963771 0.728306055861 0.383280204077 1.84397475193 1.58771294545 
45 0.946699001103 0.731280318132 0.384741339108 1.84397475193 1.59383823984 
46 0.952461025786 0.733785869362 0.385842480171 1.84397475193 1.60096893446 
47 0.955672654029 0.735633323078 0.387180569416 1.84397475193 1.61024546672 
48 0.962361729052 0.737609619376 0.389325096961 1.84397475193 1.61580662852 
49 0.967260986413 0.740049528262 0.390407808343 1.84397475193 1.6214044953 
50 0.972967023697 0.742642094154 0.392375587831 1.84397475193 1.62920104933 
51 0.976588209665 0.746051549661 0.394992459398 1.84397475193 1.63451716675 
52 0.980289479045 0.747910421029 0.396822861705 1.84397475193 1.64280737506 
53 0.985541429134 0.751513076356 0.399106774491 1.84397475193 1.65012348536 
54 0.989308538354 0.755894547315 0.401931790639 1.84397475193 1.65700729686 
55 0.992863528244 0.758370240833 0.403900570709 1.84397475193 1.66639024577 
56 0.998848949753 0.760578757001 0.405156129705 1.84397475193 1.67143528299 
57 1.00210275065 0.763375858116 0.406449123042 1.84397475193 1.67724538094 
58 1.00692257952 0.765309256415 0.407734295598 1.84397475193 1.68280029904 
59 1.01095186415 0.767178511281 0.408959231344 1.84397475193 1.68899970039 
60 1.01376423317 0.770716544424 0.409980716392 1.84397475193 1.69688182383 
61 1.02007613116 0.774117913317 0.411347012768 1.84397475193 1.7042278505 
62 1.02839036665 0.775862042785 0.412105275406 1.84397475193 1.71222048998 
63 1.03436243511 0.780891081875 0.413149911128 1.84397475193 1.72274647527 
64 1.04252015098 0.782253507158 0.414297332452 1.84397475193 1.73110088284 
65 1.04614770143 0.783327499427 0.414664689855 1.84397475193 1.73985345 
66 1.04981035628 0.785769770967 0.415546284993 1.84397475193 1.75114987455 
67 1.0549929251 0.789655758474 0.416167897018 1.84397475193 1.75603201994 
68 1.06427223167 0.79214636115 0.416819414382 1.84397475193 1.76310303135 
69 1.06742368149 0.794685462216 0.41721781192 1.84397475193 1.77003670332 
70 1.07043114035 0.797171892638 0.417668573068 1.84397475193 1.77674732495 
71 1.07743836047 0.802579075934 0.418150357072 1.84397475193 1.78285098949 
72 1.08222864956 0.804824241765 0.418572347729 1.84397475193 1.78699219151 
73 1.08720170503 0.810836897905 0.418944187925 1.84397475193 1.79624298706 
74 1.09228970112 0.813426770167 0.419137712391 1.84397475193 1.80420624695 
75 1.10037834265 0.817732751155 0.419353107248 1.84397475193 1.812837086 
76 1.10474392844 0.821259938352 0.41960205394 1.84397475193 1.82434717507 
77 1.11163417192 0.825515701353 0.419891279172 1.84397475193 1.83338443527 
78 1.1152010793 0.828318831606 0.420221753022 1.84397475193 1.84370694852 
79 1.12086568717 0.834083404516 0.420414776985 1.84397475193 1.85572362547 
80 1.12734757518 0.837737006724 0.42065790635 1.84397475193 1.87114201818 
81 1.13930273943 0.844753297277 0.421072845647 1.84397475193 1.88223485828 
82 1.1467104505 0.849100641179 0.421400010614 1.84397475193 1.88691049003 
83 1.15265181084 0.853080251966 0.421537261614 1.84397475193 1.90452521829 
84 1.16430089379 0.855773224994 0.421738376584 1.84397475193 1.92072867635 
85 1.17273479036 0.863817446385 0.422019407176 1.84397475193 1.94628278855 
86 1.18581697252 0.874591757967 0.422173572811 1.84397475193 1.96658277695 
87 1.19649737961 0.881059830174 0.422514919033 1.84397475193 1.98404605275 
88 1.21024025685 0.888708985849 0.422909695456 1.84397475193 2.00821471907 
89 1.22149276103 0.895149981313 0.423352273388 1.84397475193 2.02881004807 
90 1.23779442663 0.903140692023 0.423794584401 1.84397475193 2.04445572633 
91 1.25439263386 0.910300045046 0.424034205725 1.84397475193 2.05487383839 
92 1.27848764593 0.922449776382 0.424282757615 1.84397475193 2.0740918732 
93 1.29166317229 0.934908636186 0.42481854138 1.84397475193 2.10146811809 
94 1.30229299359 0.964561939198 0.425308902514 1.84397475193 2.11743032181 
95 1.33650973916 0.986751035047 0.425593331178 1.84397475193 2.15463595568 
96 1.35429376213 1.00030014573 0.426268682468 1.84397475193 2.17876543397 
97 1.38418618629 1.02213796018 0.42709258004 1.84397475193 2.20880367137 
98 1.4195226999 1.06311295426 0.427939169267 1.84397475193 2.23863444766 
99 1.472691662 1.15183196777 0.429258484864 1.84397475193 2.27260101714 
100 1.68177520633 1.42275832209 0.433841856446 1.84397475193 2.31953678481 
