x_range mlu lu90 lu50 ahc competitive_ratio 
0 0.689055725778 0.545288698489 0.201415906407 1.84617511545 1.14940057838 
1 0.73084987908 0.560587234688 0.222661250464 1.84617511545 1.19118602881 
2 0.757860560764 0.582623654003 0.232851878983 1.84617511545 1.22379354088 
3 0.769190937177 0.594070327287 0.241752802606 1.84617511545 1.24352345287 
4 0.782399608594 0.604871133155 0.249811737442 1.84617511545 1.26160254829 
5 0.788157019351 0.609604431964 0.258879641178 1.84617511545 1.28271376886 
6 0.796565318892 0.618590029444 0.269163439945 1.84617511545 1.29553151817 
7 0.80630640901 0.625171312664 0.274369016202 1.84617511545 1.3092468851 
8 0.814470881425 0.627350416425 0.278716727777 1.84617511545 1.32101905325 
9 0.818575847627 0.634156159301 0.287675688152 1.84617511545 1.32849681154 
10 0.822047894656 0.636705574022 0.292350190684 1.84617511545 1.33825305122 
11 0.82853118225 0.639206046664 0.2965084664 1.84617511545 1.34405668996 
12 0.835709901886 0.643502929162 0.299597166684 1.84617511545 1.35461400162 
13 0.841883544193 0.646133070987 0.304629967421 1.84617511545 1.36062025223 
14 0.844826866371 0.65018221357 0.308353366898 1.84617511545 1.36906499006 
15 0.846425352464 0.652598255456 0.314071470284 1.84617511545 1.38011166757 
16 0.851600959268 0.655674069226 0.317612949144 1.84617511545 1.38925270838 
17 0.858302384045 0.657959816175 0.320150872633 1.84617511545 1.39754619725 
18 0.860380736774 0.660608805742 0.321796453323 1.84617511545 1.40465885574 
19 0.865692722103 0.663259711278 0.325413203945 1.84617511545 1.40840000981 
20 0.869206930251 0.66615109371 0.33034222461 1.84617511545 1.41808175851 
21 0.870978553488 0.66898495856 0.333446645577 1.84617511545 1.4229497941 
22 0.876951151215 0.67166682723 0.337258546711 1.84617511545 1.43101969924 
23 0.879638244174 0.674616697639 0.339803952571 1.84617511545 1.43555015931 
24 0.881625444414 0.677359874689 0.341863302907 1.84617511545 1.44053759577 
25 0.883947395482 0.680227539486 0.343269723374 1.84617511545 1.44746654822 
26 0.886300570815 0.684500009226 0.346159316134 1.84617511545 1.45532914414 
27 0.889204946128 0.687521984081 0.349336645156 1.84617511545 1.46455058094 
28 0.891267950122 0.690528842069 0.351933895939 1.84617511545 1.47027536025 
29 0.893847473634 0.693770899463 0.354441100541 1.84617511545 1.47814301876 
30 0.897031781349 0.695909755913 0.357746105792 1.84617511545 1.48428070667 
31 0.902642700884 0.697321562253 0.36053189043 1.84617511545 1.49157009048 
32 0.906970804614 0.700545514015 0.362518196021 1.84617511545 1.49717357861 
33 0.908730127174 0.703844247003 0.364596127334 1.84617511545 1.50838804433 
34 0.911566955955 0.70516210838 0.366135352842 1.84617511545 1.51449736888 
35 0.914898426822 0.707328351013 0.368413146044 1.84617511545 1.52176911875 
36 0.918750015858 0.710066825227 0.369696455427 1.84617511545 1.52997183351 
37 0.920679316417 0.712099327461 0.372473082745 1.84617511545 1.53631587712 
38 0.923010194999 0.714001027949 0.375965852727 1.84617511545 1.54373127734 
39 0.926166046839 0.716199574633 0.377640966431 1.84617511545 1.5479891526 
40 0.929953720554 0.718369603031 0.378993271345 1.84617511545 1.55459308238 
41 0.933970029344 0.721140285968 0.380295356274 1.84617511545 1.56179117167 
42 0.939855652979 0.72197559566 0.382366109961 1.84617511545 1.56799324966 
43 0.942748677807 0.724851858818 0.384053620867 1.84617511545 1.57517024698 
44 0.949130830328 0.72699159786 0.385567675347 1.84617511545 1.58134028223 
45 0.95158548559 0.727962861971 0.387671690411 1.84617511545 1.58899125237 
46 0.95579577654 0.731094933381 0.389789496094 1.84617511545 1.59856389245 
47 0.960429872924 0.733535775252 0.391618123913 1.84617511545 1.60654387337 
48 0.963330114525 0.736048115753 0.393332993909 1.84617511545 1.61502567494 
49 0.970388183667 0.738350336173 0.395181944464 1.84617511545 1.62430727436 
50 0.974136340355 0.739996072012 0.396598475614 1.84617511545 1.62959541691 
51 0.978699762239 0.742625654518 0.397373737215 1.84617511545 1.63679605877 
52 0.981695385944 0.745323201302 0.400022135342 1.84617511545 1.64426416169 
53 0.986618226833 0.748900539818 0.402530725707 1.84617511545 1.65078995232 
54 0.990769876727 0.751723828273 0.40441671416 1.84617511545 1.65868538314 
55 0.993630887233 0.753121957452 0.40594322758 1.84617511545 1.66525339716 
56 0.999604483977 0.755692157181 0.406978973418 1.84617511545 1.67116404121 
57 1.00345395857 0.75766404227 0.407858219319 1.84617511545 1.67973098148 
58 1.00715831191 0.760871957759 0.408738116591 1.84617511545 1.68551361367 
59 1.00982177737 0.763543112688 0.409507825479 1.84617511545 1.6981483867 
60 1.01676442323 0.765583990246 0.41027226202 1.84617511545 1.71014311955 
61 1.02291118711 0.769268491355 0.411049737055 1.84617511545 1.71836311345 
62 1.02748191774 0.771606417149 0.411552195655 1.84617511545 1.72460062764 
63 1.03544616195 0.774895647296 0.411934049899 1.84617511545 1.73318410559 
64 1.03885115761 0.777420472272 0.412453104363 1.84617511545 1.74325533518 
65 1.04263758011 0.78010057686 0.412693529771 1.84617511545 1.75138988151 
66 1.04798399366 0.78378764215 0.412948454226 1.84617511545 1.75992290232 
67 1.05750413302 0.786278809322 0.413110234055 1.84617511545 1.76584721202 
68 1.06114138372 0.788274804744 0.413505042642 1.84617511545 1.770245049 
69 1.06474822569 0.790996256268 0.41375076123 1.84617511545 1.7756901168 
70 1.06978862582 0.796657038159 0.413933933187 1.84617511545 1.78398784847 
71 1.07460029889 0.799668089043 0.414248609767 1.84617511545 1.79373194997 
72 1.08185816595 0.802981784055 0.414555178888 1.84617511545 1.80094839312 
73 1.08731881976 0.806554173392 0.414871979595 1.84617511545 1.81273929794 
74 1.09175440399 0.81226462213 0.415071263567 1.84617511545 1.82535379158 
75 1.09500735876 0.814045382747 0.415297698558 1.84617511545 1.83383921165 
76 1.09972305469 0.817251688393 0.415746928966 1.84617511545 1.83772065687 
77 1.10419845695 0.821061481885 0.416092547557 1.84617511545 1.84519081193 
78 1.1120458105 0.825647420732 0.416395152458 1.84617511545 1.8530321325 
79 1.12094505061 0.831315726997 0.416507308717 1.84617511545 1.85896293963 
80 1.12610979545 0.837996302809 0.416621157811 1.84617511545 1.86856935783 
81 1.13178279233 0.845225024046 0.416759989424 1.84617511545 1.87493293792 
82 1.14199537374 0.848992846823 0.41700955864 1.84617511545 1.88996435903 
83 1.14868553174 0.85156846476 0.417249327103 1.84617511545 1.89825791216 
84 1.15448344993 0.856331707117 0.417633461195 1.84617511545 1.90631366989 
85 1.16190926939 0.861162964487 0.417810257469 1.84617511545 1.92662389387 
86 1.17527433001 0.865520936058 0.418097315521 1.84617511545 1.93913010824 
87 1.19168902741 0.872726830946 0.418262240061 1.84617511545 1.96177801034 
88 1.20057483392 0.878586749042 0.418413703469 1.84617511545 1.97656476175 
89 1.21100065367 0.888224835219 0.418805627007 1.84617511545 2.00114287845 
90 1.22404719008 0.89481083651 0.418931322864 1.84617511545 2.02668989508 
91 1.23585204637 0.905605240668 0.419321581666 1.84617511545 2.0362060226 
92 1.24347276681 0.915143080936 0.419834571389 1.84617511545 2.05445214379 
93 1.25914118494 0.928596559964 0.420455579468 1.84617511545 2.07338382605 
94 1.27012814749 0.960286291916 0.421042613608 1.84617511545 2.09331174398 
95 1.28834187613 0.974190319914 0.421897254318 1.84617511545 2.11625207167 
96 1.31040583513 0.988813450297 0.422450275698 1.84617511545 2.14775264132 
97 1.34204360396 1.02143993272 0.422901978365 1.84617511545 2.18775535933 
98 1.37666540383 1.07050245274 0.424390626147 1.84617511545 2.22423451891 
99 1.43469125663 1.13117205785 0.425626923408 1.84617511545 2.26447944056 
100 1.66943375591 1.36274175849 0.427845935027 1.84617511545 2.30694667399 
