x_range mlu lu90 lu50 ahc competitive_ratio 
0 0.464452329713 0.369850649534 0.000425507589727 1.10459364733 1.00000000031 
1 0.506438928983 0.433616589445 0.0220039781637 1.11456194177 1.00000000031 
2 0.526669049256 0.486851103232 0.0394569342392 1.11667578664 1.00000000031 
3 0.546153842253 0.507367955659 0.0462526936541 1.11867247174 1.00000000031 
4 0.554676344634 0.514572931431 0.0492381004535 1.12075934018 1.00000000031 
5 0.563132185689 0.52079691911 0.0552414799119 1.12228882016 1.00000000031 
6 0.571372983603 0.531611467156 0.0585052918657 1.12328535077 1.03424018722 
7 0.580929958615 0.540164215329 0.0621739154272 1.1244318974 1.07019243095 
8 0.589977481944 0.551927186294 0.0661319530455 1.12593672453 1.12052532414 
9 0.596263095263 0.554894534856 0.0677678109228 1.12660848522 1.1474270106 
10 0.599503756734 0.562227275622 0.0703182020986 1.12785779726 1.14916383692 
11 0.610528735431 0.569651750775 0.0735743358751 1.12881207568 1.14916383692 
12 0.614945989957 0.575416138742 0.0757421367742 1.12941403989 1.14916383692 
13 0.618813154451 0.582442062778 0.0773069333648 1.13010591191 1.14928660022 
14 0.62436990863 0.589490601217 0.0793419650023 1.13088378387 1.15003682223 
15 0.629384797793 0.595540680734 0.0815719763708 1.13183492243 1.15066666205 
16 0.63333291697 0.599053912217 0.0846481055043 1.13301207461 1.15154927702 
17 0.637594862806 0.604977978457 0.0864367010532 1.1340050124 1.1523425573 
18 0.641954489331 0.61005097457 0.0894900690498 1.13512042761 1.16558876678 
19 0.646202527828 0.614088735107 0.092295185443 1.13583664019 1.17771890072 
20 0.652068603326 0.616161861892 0.0952203111226 1.13650767644 1.1790339207 
21 0.656329423655 0.619878119698 0.0970179549072 1.13731463131 1.18229261243 
22 0.661013115772 0.623976044513 0.0997727665024 1.13813520502 1.18300702589 
23 0.663421102813 0.629384797786 0.10375155595 1.13918902392 1.18761551772 
24 0.666425311485 0.633332916758 0.107582847327 1.14015034338 1.19120128234 
25 0.668646366427 0.637594862779 0.109716920026 1.14109399033 1.19486218276 
26 0.672026585891 0.641826540241 0.113039633987 1.1425407879 1.19814103934 
27 0.674930108808 0.645977732438 0.11549146413 1.14493336686 1.20325970216 
28 0.678369873366 0.6492358017 0.117845359201 1.14642240497 1.20495680169 
29 0.681437033749 0.65444907362 0.120136476613 1.14795239734 1.20871974492 
30 0.683766604212 0.660894549764 0.123309025328 1.14902190605 1.21231684356 
31 0.687402103915 0.663421102811 0.124825194129 1.15002791877 1.21532742251 
32 0.690381235557 0.666425311457 0.129099680754 1.15107151459 1.2177248869 
33 0.695679623591 0.668830770097 0.131949847458 1.15168954084 1.22024251547 
34 0.701584230099 0.672889252261 0.134642578257 1.15322503779 1.22414645768 
35 0.704318624581 0.676018188736 0.137634888385 1.15452676614 1.22864582915 
36 0.707177166018 0.679210819384 0.140057822162 1.15539162877 1.23200552106 
37 0.71209707818 0.683059531076 0.14228872716 1.15672376163 1.23539821259 
38 0.717914124077 0.685671954049 0.145201545254 1.15780855133 1.24009215303 
39 0.721201108485 0.689008124499 0.147308769379 1.15893032867 1.24350203009 
40 0.724492397211 0.693844569611 0.148933719228 1.16049512454 1.24380477124 
41 0.728873782509 0.697829270653 0.15155777994 1.16187328931 1.24744087177 
42 0.733220400767 0.70319111496 0.153985299525 1.16331354229 1.25070253869 
43 0.738592237873 0.706089388621 0.155329802993 1.16424329226 1.25267494104 
44 0.741388936127 0.709281164039 0.156630733289 1.16558497246 1.25300351319 
45 0.744656450722 0.714194732104 0.158895853955 1.16653338078 1.25613072452 
46 0.748609171542 0.71936982773 0.161582221732 1.16755738225 1.26159280878 
47 0.751223605408 0.72425956471 0.163406526628 1.16895944766 1.26454821668 
48 0.75462464995 0.728675296959 0.164874113527 1.17050805792 1.2693936409 
49 0.757347437198 0.733194997323 0.165825561424 1.17156442223 1.2721620624 
50 0.761177635456 0.737344690801 0.166824120507 1.1729152993 1.27609250507 
51 0.764051543916 0.741057718433 0.168910597258 1.17360090592 1.28075672381 
52 0.766470043053 0.744784011107 0.170496184123 1.17490900049 1.28391355889 
53 0.771416215911 0.748609171511 0.172906897043 1.17627824884 1.28780355729 
54 0.775263550011 0.751701256113 0.174377565829 1.17700260766 1.29315717702 
55 0.779654829197 0.755742530554 0.175702020754 1.17839491592 1.29970884109 
56 0.786145591006 0.759741865505 0.177400736371 1.1795105118 1.30295130303 
57 0.789207801208 0.764279312197 0.178788155521 1.18139875716 1.30734293028 
58 0.794189196743 0.767539195771 0.180719426679 1.1819574447 1.31097444588 
59 0.799168024313 0.771995623719 0.181991908506 1.18284335257 1.31638401061 
60 0.804170734165 0.77648857037 0.183866993998 1.18421595572 1.31945941156 
61 0.808486860365 0.784708654451 0.186491374198 1.18562923087 1.32160473659 
62 0.813665938689 0.787886958474 0.188388506749 1.18641851825 1.32357853988 
63 0.819386545177 0.791079445987 0.189869844152 1.18738534107 1.32776033018 
64 0.826939513206 0.798780355354 0.192038881886 1.18830285263 1.33167523478 
65 0.831205696668 0.803645083212 0.194114629616 1.18926747319 1.339766927 
66 0.836059180875 0.809350446382 0.195922284783 1.19046779867 1.34597685117 
67 0.843390074394 0.813665938687 0.197655671469 1.19268805979 1.35103711202 
68 0.848068903276 0.819386545163 0.200775574518 1.19369014283 1.35751129621 
69 0.853431010038 0.828896360827 0.202954545873 1.19500571022 1.36431803789 
70 0.859057972743 0.833047483963 0.204626722396 1.19631360415 1.37468214342 
71 0.864144260436 0.838286231755 0.207484690391 1.19751807231 1.38665369379 
72 0.86900682021 0.844592522814 0.2106438651 1.19887469478 1.3911103592 
73 0.875885773124 0.849397392006 0.213793860898 1.19977009059 1.39495468114 
74 0.884411004333 0.855040439338 0.216013394611 1.20093686859 1.40200936757 
75 0.890959776657 0.862410960531 0.217828070614 1.20263611476 1.4162933199 
76 0.895912161102 0.866704846831 0.220403242742 1.20370777348 1.42126468723 
77 0.905513998078 0.875885773122 0.223494210858 1.20559143499 1.43146293377 
78 0.911770175714 0.884411004288 0.227273566647 1.20654324642 1.43852641789 
79 0.918808366914 0.890959776613 0.229385338495 1.20742094464 1.44719815667 
80 0.925437143206 0.89761082895 0.232017040767 1.20907188917 1.45290072746 
81 0.933487746832 0.906474199611 0.234802639799 1.20977203147 1.45971011506 
82 0.945645173033 0.913609477233 0.237455391402 1.21140080855 1.4731567254 
83 0.955357223884 0.919596254351 0.241056942595 1.21312905862 1.48395866905 
84 0.963896907687 0.928508773563 0.244918053306 1.2153980567 1.48995128292 
85 0.969355924038 0.937964394541 0.246478429709 1.21726515168 1.51202669129 
86 0.985641816202 0.950299368625 0.251341023204 1.21891880931 1.51246369564 
87 0.994139078443 0.959307085316 0.256206418899 1.22089956938 1.51246369564 
88 1.00296028676 0.967234067711 0.258765232961 1.22305584687 1.51246369564 
89 1.01473446394 0.981959011327 0.264895619115 1.2244573665 1.51246369564 
90 1.02665135868 0.994139078424 0.269870968531 1.2260234879 1.51246369564 
91 1.04335265549 1.00935142767 0.272574683021 1.22805309792 1.51246369564 
92 1.06662556851 1.024186633 0.278259967509 1.23090173745 1.51246369564 
93 1.09841260697 1.03795668312 0.284852592095 1.23256312184 1.51246369564 
94 1.12152597556 1.05753566827 0.288845787136 1.23514433856 1.51246369564 
95 1.1677998104 1.08898651545 0.294049366121 1.23750039317 1.51246369564 
96 1.20500525057 1.11582695232 0.300041957144 1.24096120911 1.51246369564 
97 1.27366842241 1.160624726 0.305705146734 1.2432740564 1.51246369564 
98 1.3245901839 1.23366279887 0.31325063552 1.24549067272 1.51246369564 
99 1.3977856294 1.34402152584 0.322372099273 1.25147687914 1.51246369564 
100 1.52277878763 1.52277878762 0.348639914331 1.26878184089 1.57396326216 
