x_range mlu lu90 lu50 ahc competitive_ratio 
0 0.394260268982 0.349207638614 0.071505311825 1.4124240068 1.13984575823 
1 0.468314690505 0.380135301362 0.0956230703938 1.41599269832 1.13984575823 
2 0.484191979824 0.394260268979 0.105157772386 1.41724686462 1.13984575823 
3 0.4969120286 0.405181998009 0.111776355846 1.41783231542 1.13984575823 
4 0.507751002743 0.411660130464 0.11811412684 1.41955057037 1.13984575823 
5 0.519277202545 0.416480980997 0.121388057087 1.42199563898 1.16303191446 
6 0.524205967693 0.424210697874 0.129239927712 1.42281751557 1.18492338542 
7 0.533983623143 0.428794939281 0.134705283573 1.42392365911 1.22493813391 
8 0.540798598426 0.431777991528 0.14046056111 1.42429174105 1.25858982683 
9 0.55025760952 0.436394182053 0.143573530651 1.42550934443 1.28780788942 
10 0.553387099451 0.438127291313 0.148700122242 1.42595479169 1.30465917997 
11 0.556869511106 0.44204343053 0.15412587614 1.42696324421 1.31339203819 
12 0.560425995124 0.444791257853 0.15777640284 1.42783726778 1.31339203819 
13 0.563889299816 0.44779624231 0.160032837422 1.42846186249 1.31339203819 
14 0.567855837593 0.45163591296 0.163192500727 1.42931046651 1.31339203819 
15 0.57458766885 0.456276240903 0.169403332507 1.42978172147 1.31339203819 
16 0.579185304233 0.458316254619 0.172200041069 1.43058493873 1.31339203819 
17 0.581779643874 0.461346877873 0.174339859388 1.43101080357 1.31339203819 
18 0.585938942195 0.463954699976 0.175887673258 1.43149239159 1.32508521725 
19 0.589208900393 0.466761097169 0.177557003409 1.4321822935 1.32508521725 
20 0.595050705372 0.469149154384 0.181138635711 1.43290940852 1.32508521725 
21 0.600468442697 0.471189959669 0.184483125096 1.43390928046 1.32907164498 
22 0.605489785869 0.472717461215 0.186856984984 1.43423900009 1.34338688594 
23 0.609484857174 0.474294840386 0.189398969899 1.43463605292 1.34986199219 
24 0.611429262106 0.477482479803 0.192417501742 1.43525377342 1.36166211252 
25 0.612852172259 0.480715075404 0.195191756724 1.43561539572 1.37373347661 
26 0.617549689765 0.483109135142 0.197477353461 1.43633852273 1.38292490123 
27 0.620750006739 0.486119972372 0.200315869678 1.43685215001 1.39764112862 
28 0.624977446556 0.488019796391 0.203236372931 1.43728484753 1.4094476939 
29 0.62725234442 0.490828088604 0.207241328595 1.43773068473 1.42007105454 
30 0.631933250025 0.492610213934 0.208821641268 1.43819567361 1.42999975556 
31 0.634281350456 0.494515183122 0.209646251089 1.43878763065 1.43623124372 
32 0.63636554938 0.497590462148 0.21250722538 1.43930353967 1.45112100155 
33 0.639045726487 0.501200109545 0.214780561942 1.43963058484 1.46147618355 
34 0.641336489649 0.504160221076 0.216918327295 1.44020663323 1.47072657742 
35 0.646323749907 0.507120408447 0.219013624097 1.44058171701 1.47712518526 
36 0.648285748767 0.508708228979 0.221909238111 1.44146003936 1.50047473074 
37 0.65180993387 0.509979790153 0.22377076948 1.44202276693 1.50679830832 
38 0.655194919591 0.512567106052 0.226396464463 1.4426031621 1.50679830832 
39 0.659662563019 0.515092061352 0.229221291132 1.4429321483 1.50679830832 
40 0.6638623137 0.518898878935 0.230453558513 1.44343673388 1.51314666238 
41 0.666375279537 0.521127313726 0.232793360823 1.44399330379 1.52341612853 
42 0.669443967227 0.523993693662 0.234564187243 1.4447129188 1.53529990999 
43 0.673360886486 0.527032060353 0.23551452642 1.44522266922 1.54598851991 
44 0.677960853856 0.529253722241 0.237602263897 1.44565329468 1.55819903357 
45 0.683170184356 0.531224304183 0.238586152703 1.44601583465 1.57177009513 
46 0.687522348762 0.534245302035 0.240491617375 1.44653254166 1.57895183355 
47 0.69040011094 0.537022791821 0.24190269329 1.44712410714 1.59131369563 
48 0.695709080113 0.539877437742 0.242999706566 1.44773323441 1.60685292565 
49 0.699661075289 0.541960381563 0.245372809553 1.44800335906 1.62698300354 
50 0.70232852028 0.543838002685 0.247653760668 1.44854185797 1.63114248777 
51 0.705588875091 0.547371952127 0.250013926876 1.44905235031 1.63114248777 
52 0.709784049215 0.549151642836 0.251402857179 1.449483093 1.63114248777 
53 0.714169123764 0.552463064934 0.253013631668 1.45007590378 1.63114248777 
54 0.7187319139 0.555863692392 0.254889384756 1.45046654572 1.63114248777 
55 0.72221045332 0.558319073171 0.256572128562 1.4508878409 1.63114248777 
56 0.726933480248 0.560054611216 0.257894828718 1.45152987989 1.63114248777 
57 0.731477940028 0.563415494737 0.258750251015 1.45221547069 1.63114248777 
58 0.734963976987 0.567085579381 0.260315599548 1.45296674386 1.63114248777 
59 0.737095917551 0.570494290096 0.261292977889 1.45381447912 1.63114248777 
60 0.742901319242 0.573488368851 0.262819612707 1.4546046683 1.63114248777 
61 0.746894836766 0.577426950066 0.263788195217 1.45516696769 1.63459340276 
62 0.749703244559 0.580488671537 0.264813799626 1.45579912381 1.65357735019 
63 0.755548111699 0.583243929065 0.266316011161 1.45620840289 1.66559005092 
64 0.759845020675 0.587738117863 0.267412229892 1.45688243667 1.68287457456 
65 0.765853613019 0.593223441001 0.268326559888 1.45749108406 1.68582346388 
66 0.771461900216 0.595579485411 0.268950464392 1.45812693381 1.68582346388 
67 0.777883120615 0.59878958951 0.270088173384 1.4589853173 1.68582346388 
68 0.785395572794 0.601831782863 0.271042682295 1.45958542948 1.68582346388 
69 0.791674079472 0.605526899104 0.272428166999 1.4602743165 1.68582346388 
70 0.798791909711 0.608607223863 0.273608259781 1.46109145116 1.68990898764 
71 0.801801424459 0.610318718772 0.274203365015 1.46186852093 1.69752115837 
72 0.805800755692 0.61292332404 0.275349686912 1.46277799756 1.70776399048 
73 0.811230834953 0.616648327375 0.276222016738 1.46358761295 1.71852789808 
74 0.815999110623 0.619884974607 0.277562604555 1.46486423647 1.72397532801 
75 0.82232799013 0.622744212357 0.278517676517 1.46552166444 1.72397532801 
76 0.829013176301 0.629223828858 0.280115483106 1.46608733676 1.72397532801 
77 0.836347477672 0.634665270926 0.280918777283 1.46647257018 1.72397532801 
78 0.841082525482 0.636878616139 0.281747756831 1.46710631914 1.72397532801 
79 0.847215722921 0.640617074742 0.282878868556 1.46788693414 1.72397532801 
80 0.857996283711 0.64470641489 0.283982078286 1.4689417392 1.72397532801 
81 0.863436314278 0.648641616004 0.284769680372 1.46986204675 1.72397532801 
82 0.876375887189 0.653334880591 0.285325775723 1.47067830196 1.72397532801 
83 0.881344522587 0.656692584734 0.28668153043 1.47141360894 1.72397532801 
84 0.891132445937 0.661681338754 0.287769516366 1.47196344024 1.72397532801 
85 0.897642696379 0.669246050037 0.288387088842 1.47279207818 1.72397532801 
86 0.902225167174 0.672714384756 0.289245026076 1.4735113044 1.72427087816 
87 0.911479327574 0.676038913362 0.290415184661 1.47422688939 1.73023442095 
88 0.930125693878 0.683121537049 0.29104575751 1.47495210823 1.74330381803 
89 0.941845839001 0.687646334061 0.291909408305 1.47602816109 1.75868309977 
90 0.949197581562 0.699481014258 0.292959218553 1.47721578628 1.76529980034 
91 0.965222372612 0.715878654895 0.29404292501 1.47804893629 1.77316106723 
92 0.988073025538 0.723617432901 0.296074909558 1.47904281571 1.78427095504 
93 1.00654537564 0.728995339775 0.297676001661 1.480305796 1.79470253298 
94 1.03070279892 0.744378692319 0.300064446619 1.48168774727 1.80167226249 
95 1.0798604324 0.756022719756 0.302802509521 1.48225363701 1.80941699525 
96 1.11714050276 0.772474739605 0.305659449624 1.48342939975 1.82644747478 
97 1.13519167668 0.798072371 0.310152419613 1.48576184857 1.83820521559 
98 1.19339281243 0.831970139654 0.316758956682 1.4879693869 1.85566891871 
99 1.24949280927 0.897663832242 0.327918834644 1.49226863039 1.88960062072 
100 1.39005214919 1.09613694948 0.344940639474 1.50189905607 1.92202191981 
