x y
-1 0.00201391219806
17 0.504369263533
34 0.706535955277
52 0.796803203741
69 0.844315327724
87 0.874419842822
104 0.89292700147
122 0.908575330733
139 0.919674996238
157 0.928355652264
174 0.935277028669
192 0.941909049873
209 0.946330397343
227 0.950254053866
244 0.953714742069
262 0.956851352446
279 0.959189342469
297 0.961469461452
314 0.963599115731
332 0.96536996956
349 0.966932487645
366 0.968298244193
384 0.969745020197
401 0.970925589417
419 0.972129307052
436 0.973055243695
455 0.974177941874
472 0.975034433269
490 0.97597194412
508 0.976747416058
526 0.977534462204
543 0.97814789523
563 0.978842347712
581 0.979467354946
601 0.980138659012
620 0.980925705159
642 0.98150441556
661 0.982175719626
682 0.982754430028
699 0.983228972558
718 0.983796108751
736 0.984259077073
755 0.98468732277
777 0.985173439507
802 0.985659556245
827 0.986134098774
849 0.986539196056
871 0.986979015961
888 0.987360964826
912 0.987719765275
940 0.988113288348
964 0.988460514589
986 0.988842463454
1013 0.989108670239
1034 0.989467470688
1062 0.989733677473
1089 0.989976735842
1124 0.990323962083
1152 0.990613317284
1196 0.990972117733
1231 0.991296195558
1265 0.991550828135
1303 0.991793886503
1348 0.992060093288
1397 0.992314725865
1441 0.992569358442
1478 0.992823991018
1522 0.993032326763
1561 0.993252236716
1611 0.993483720876
1660 0.993715205037
1711 0.993981411822
1792 0.994236044399
1848 0.994444380143
1942 0.994675864304
2021 0.994918922673
2091 0.995138832625
2180 0.995370316786
2305 0.995601800947
2409 0.995810136691
2531 0.996030046644
2659 0.996249956597
2811 0.996446718133
2920 0.996655053878
3182 0.996863389623
3441 0.997071725367
3733 0.997268486904
4062 0.997476822648
4473 0.997673584185
4769 0.997928216762
5346 0.998159700922
5793 0.998379610875
6254 0.998576372412
7097 0.998784708156
8188 0.998981469693
9639 0.999189805438
11853 0.999386566974
15698 0.999594902719
21789 0.999791664255
47245 1.0
