x y
-1 0.00870380444218
46 0.275639764349
90 0.502853042281
133 0.619278000903
177 0.692102917858
221 0.742462297017
264 0.777474276323
308 0.804048657971
352 0.824697045105
395 0.841294459427
439 0.855160360652
483 0.866213729326
526 0.875947638283
570 0.884292642276
614 0.891352909177
657 0.897568258892
701 0.903181749789
744 0.908575330733
788 0.913274459195
832 0.917637935624
875 0.921411127444
919 0.924860241438
963 0.928101019688
1006 0.930890403824
1050 0.933645065336
1094 0.936283984768
1138 0.938645123207
1183 0.94080950011
1228 0.943054896469
1271 0.944733156634
1316 0.946480862047
1366 0.948321161125
1412 0.949964698665
1457 0.951515642542
1505 0.952858250674
1551 0.954212433014
1597 0.95558976377
1644 0.957024965567
1692 0.958367573699
1742 0.959629162375
1787 0.960809731594
1840 0.961932429773
1890 0.962858366416
1945 0.963853748307
1998 0.964907001238
2048 0.965832937881
2103 0.966758874524
2155 0.967777404831
2210 0.96866861885
2265 0.969478813412
2324 0.970393175847
2379 0.971214944617
2451 0.972001990764
2511 0.972777462702
2581 0.973610805681
2648 0.974282109747
2731 0.974976562229
2816 0.975717311543
2896 0.976411764025
2971 0.977106216507
3050 0.977812243197
3133 0.978448824639
3228 0.979131702913
3302 0.979849303811
3396 0.980601627334
3488 0.981203486151
3597 0.981770622345
3697 0.982360906955
3793 0.982951191565
3940 0.983564624591
4105 0.984189631824
4235 0.984791490642
4378 0.985474368916
4543 0.986053079318
4695 0.986597067096
4888 0.987141054873
5164 0.987719765275
5466 0.988286901469
5734 0.98880774083
5863 0.989409599648
6043 0.989965161634
6391 0.990532297827
6610 0.991053137189
6849 0.991562402343
7001 0.992129538536
7129 0.992731397354
7331 0.993333256172
7763 0.993854095533
8265 0.994351786479
8865 0.994907348465
9496 0.995416613618
10872 0.995925878772
11538 0.996435143925
12920 0.996967557495
14388 0.99746524844
16126 0.997974513594
19293 0.998483778747
24093 0.998981469693
28437 0.999490734846
69631 1.0
