x y
-1 0.00917834697161
38 0.243683375965
74 0.480491672357
110 0.609208439912
146 0.689926966747
181 0.741744696119
217 0.780923390317
253 0.80929177421
289 0.83120175002
325 0.848435745784
360 0.862544705379
396 0.873945300293
432 0.884558849061
468 0.893181634047
504 0.900797462934
539 0.907672542506
575 0.913378627067
611 0.917834697161
647 0.922232896214
682 0.926121830114
718 0.929906596141
754 0.932985335478
790 0.93621453952
826 0.939142814153
861 0.941330339472
897 0.943865091031
933 0.945832706397
970 0.947916063843
1006 0.949686917673
1042 0.951457771502
1079 0.953031863795
1117 0.95488373708
1154 0.956376809917
1191 0.957904605377
1227 0.958946284101
1265 0.960138427528
1302 0.961573629324
1341 0.962788921168
1378 0.963819025683
1418 0.965092188567
1455 0.966122293082
1495 0.967210268637
1534 0.968286669985
1575 0.969328348708
1617 0.970231136934
1657 0.970925589417
1699 0.971724209771
1749 0.972464959085
1799 0.973182559983
1844 0.973934883506
1895 0.974594613364
1947 0.975312214262
1996 0.975960369912
2052 0.97662009977
2099 0.977395571708
2154 0.978101598398
2224 0.978772902464
2278 0.97938633549
2334 0.98003449114
2413 0.980671072582
2478 0.981261357192
2549 0.981886364426
2625 0.982453500619
2696 0.983043785229
2764 0.983564624591
2849 0.984178057616
2932 0.984698896978
3015 0.985161865299
3108 0.985671130453
3199 0.986203544022
3305 0.986770680216
3409 0.98727994537
3497 0.987754487899
3633 0.988263753053
3744 0.98874986979
3877 0.989212838112
3974 0.989698954849
4114 0.990173497378
4227 0.990659614116
4364 0.991168879269
4527 0.991643421799
4705 0.992094815912
4904 0.992592506858
5115 0.993067049387
5345 0.993553166125
5581 0.993969837614
5926 0.994409657519
6328 0.994861051632
6646 0.995324019954
7129 0.995752265651
7668 0.996203659765
8354 0.99664347967
9137 0.997060151159
10043 0.997488396856
10976 0.997905068346
11938 0.998321739835
13840 0.998738411324
16339 0.999166657021
22391 0.999583328511
49124 1.0
