percentile mlu lu90 lu50 ave_hop_count 
0 0.118764585883 0.0191233231349 0.0 1.09294760807 
4 0.32436931947 0.155811538852 0.0 1.14612092834 
9 0.358026075426 0.192291013584 0.0 1.17124167839 
14 0.381335791724 0.2335 0.00125 1.18894431714 
19 0.4 0.257529080477 0.00329363738739 1.19964791659 
25 0.417138005448 0.274373174516 0.00727272727273 1.22122320698 
29 0.433468586387 0.288148148148 0.0100170510913 1.2528150835 
34 0.449561018437 0.298947960732 0.0142945599292 1.27472725694 
39 0.466087016101 0.308818876504 0.02 1.42220214031 
44 0.484120503669 0.317973432111 0.0283916532905 1.43782769031 
50 0.503761349596 0.326639903887 0.036 1.45182345617 
54 0.52456991541 0.335380231954 0.0531578947368 1.47874168034 
59 0.547124884045 0.344 0.0655940794809 1.50122075521 
64 0.573681628649 0.353357425125 0.087 1.51561047751 
69 0.607110268251 0.363893286437 0.0975112300642 1.52841577556 
75 0.662709209911 0.376081589886 0.105238095238 1.55469645305 
79 0.781447089947 0.392053063882 0.112352941176 1.57590740642 
84 1.4 0.418015579357 0.120827578269 1.59168034202 
89 3.2081733142 0.477662337662 0.162608695652 1.62209656053 
94 inf 0.683636363636 0.193360298199 1.68212769612 
100 inf 1.74492753623 0.266428571429 1.85652122441 
