percentile mlu lu90 lu50 ave_hop_count 
0 0.0745 0.011271034508 0.0 1.00084645082 
4 0.143636363636 0.108437367872 0.00278949020307 1.00692610424 
9 0.161936750548 0.123124640868 0.0136363636364 1.0157590064 
14 0.175769230769 0.133889077703 0.03 1.02081133303 
19 0.186411525374 0.142666666667 0.04 1.02423887101 
25 0.196616599929 0.150240076648 0.0466666666667 1.02827766667 
29 0.206581988361 0.157100430976 0.0525 1.03228811882 
34 0.21827827002 0.163918554032 0.0575757575758 1.03599602067 
39 0.232430985079 0.171379310345 0.0623076923077 1.03997619858 
44 0.251077201811 0.179772727273 0.0672543800599 1.04392704236 
50 0.28949365127 0.190833333333 0.0730069455143 1.04717430878 
54 0.341567865749 0.213333333333 0.0792307692308 1.04996813803 
59 0.375517241379 0.244444444444 0.0866666666667 1.05303278313 
64 0.4025 0.261639804103 0.0965053847174 1.05692193203 
69 0.429473684211 0.275454545455 0.106 1.0618134374 
75 0.459895436755 0.287060009866 0.115909090909 1.06844048231 
79 0.494347826087 0.299166666667 0.127745891373 1.07880513183 
84 0.535384615385 0.311279345616 0.139339841314 1.08869673141 
89 0.590502870022 0.326269819043 0.151135256304 1.10272616556 
94 0.680446015344 0.345652173913 0.164166666667 1.13619991723 
100 2.98087662142 0.878024785985 0.408220531022 1.37699857682 
