percentile mlu lu90 lu50 ave_hop_count 
0 0.0298828125 0.0241015625 0.004296875 2.0 
5 0.0669921875 0.0609765625 0.0065234375 2.0 
10 0.075546875 0.0693359375 0.0071875 2.0 
15 0.0810546875 0.074296875 0.0087109375 2.0 
20 0.0853125 0.0780078125 0.010546875 2.0 
25 0.088828125 0.0816015625 0.0128125 2.0 
30 0.0921484375 0.084921875 0.0208984375 2.0 
35 0.0955078125 0.0879296875 0.03296875 2.0 
40 0.09875 0.0909375 0.0369140625 2.0 
45 0.101796875 0.0940625 0.039296875 2.0 
50 0.1046484375 0.09734375 0.0412109375 2.0 
55 0.1079296875 0.1005078125 0.0434765625 2.0 
60 0.11125 0.1037890625 0.0458203125 2.0 
65 0.11484375 0.1073046875 0.04828125 2.0 
70 0.1184375 0.1108984375 0.05109375 2.0 
75 0.122890625 0.1153515625 0.0538671875 2.0 
80 0.128515625 0.1205078125 0.056640625 2.0 
85 0.1344921875 0.126484375 0.0594140625 2.0 
90 0.1426953125 0.1337890625 0.0628125 2.0 
95 0.156171875 0.14515625 0.0690234375 2.0 
100 0.2618359375 0.249921875 0.0969140625 2.0 
