percentile mlu lu90 lu50 ave_hop_count 
0 0.0408 0.0116 0.0 1.00009364531 
4 0.135003144537 0.106749289925 0.0 1.00946000031 
9 0.153169905311 0.122454776019 0.013 1.01542651538 
14 0.167272727273 0.13354100796 0.0254538864412 1.02054132547 
19 0.178387538113 0.1424 0.0393744290393 1.02502594678 
25 0.188237154378 0.15 0.0482007332036 1.02937157311 
29 0.198294539056 0.156911777429 0.0545121127263 1.03348984755 
34 0.208636363636 0.163876256741 0.0596338488313 1.0379522854 
39 0.220594414612 0.17125 0.0642225552438 1.04230045351 
44 0.235830300536 0.179538608005 0.0692307692308 1.04642323901 
50 0.26261342519 0.190666666667 0.0758333333333 1.05078124107 
54 0.31076543419 0.212962962963 0.084 1.05520657889 
59 0.346337699575 0.243 0.0945454545455 1.05973161006 
64 0.370333333333 0.260476190476 0.104885445561 1.06446250215 
69 0.390725012221 0.274347826087 0.114285714286 1.06969215442 
75 0.412241205567 0.286086956522 0.122777777778 1.07487481786 
79 0.437542502518 0.298317574522 0.132097802319 1.08084539712 
84 0.470830804745 0.310699528052 0.141428571429 1.08866642955 
89 0.519583245986 0.325505412401 0.151325899391 1.09928793701 
94 0.605884562391 0.345394237993 0.163076923077 1.12124538479 
100 3.81155974428 0.94 0.242246431134 1.52745122398 
