percentile mlu lu90 lu50 ave_hop_count 
0 0.0441426083889 0.0145670667428 0.00892479725456 1.79333431908 
1 0.15914667924 0.0937621707123 0.0232140781604 1.81487487795 
2 0.174555632792 0.105615321155 0.0280789862645 1.82981768581 
3 0.182941026737 0.113701784447 0.0409589855557 1.85369541555 
4 0.189461904048 0.119826526822 0.0529146567601 1.86086463857 
5 0.195979304521 0.12431503915 0.0576927720661 1.86508296034 
6 0.201138724028 0.128527471817 0.0606236534816 1.86790121999 
7 0.206976134252 0.132025934097 0.0630034272966 1.87005949121 
8 0.212653343592 0.135275044219 0.065574730112 1.87174218941 
9 0.2181721854 0.138335904999 0.068558130395 1.87315533473 
10 0.223657741834 0.141289166185 0.0714661486089 1.87388321342 
11 0.229427769041 0.143993735228 0.0746215756708 1.8744411306 
12 0.234394783887 0.14676479603 0.0781859477945 1.87481672292 
13 0.238821394276 0.149342953484 0.082544566881 1.8751097417 
14 0.2435081231 0.152041585653 0.0868875981253 1.87535161021 
15 0.24836392269 0.154875864718 0.0912872164385 1.8755698793 
16 0.252529134962 0.157526501425 0.0958896639333 1.87577401418 
17 0.256280641586 0.160189682414 0.100562734678 1.87595885925 
18 0.259833411751 0.162722191117 0.104408267684 1.87615449564 
19 0.263488520995 0.165261424725 0.107833392041 1.87634427088 
20 0.266837761564 0.167820195556 0.110817622402 1.87652194468 
21 0.270357691228 0.170227569431 0.113465624618 1.87671115446 
22 0.273400566927 0.172641348034 0.115754232253 1.87690862463 
23 0.276385629523 0.175004729798 0.117780224064 1.87710981473 
24 0.279213595258 0.177367125962 0.119462630901 1.87731496928 
25 0.282239762709 0.179727648398 0.121150223962 1.87751663696 
26 0.285071428609 0.181925217382 0.122868449492 1.87770428196 
27 0.287826181281 0.184338179622 0.124476446064 1.87791936974 
28 0.290587600768 0.186564763685 0.125896526792 1.87812029438 
28 0.290587600768 0.186564763685 0.125896526792 1.87812029438 
30 0.295755946637 0.190865260587 0.128925761435 1.8785504758 
31 0.298289581304 0.192881699967 0.130266258031 1.87877347189 
32 0.30094301561 0.194963611586 0.131878888435 1.87900879161 
33 0.303523398948 0.197041335066 0.133442216035 1.87925722776 
34 0.306116282306 0.199252992644 0.134944088311 1.87951901627 
35 0.308689517035 0.201307388036 0.13646737178 1.87978439167 
36 0.311056052227 0.203410039479 0.137993849073 1.88008864058 
37 0.313804243599 0.205411873993 0.139635676942 1.88035969945 
38 0.31648078956 0.207570284487 0.141306563876 1.8806436788 
39 0.318986988783 0.209656787783 0.142958143364 1.88095322214 
40 0.321583946453 0.21198873317 0.144593351225 1.88127339067 
41 0.3244745494 0.214363134989 0.146196660683 1.88165908811 
42 0.327527531219 0.216627588362 0.147839050577 1.88208053255 
43 0.330677985331 0.219061675711 0.149677605913 1.88253881418 
44 0.334006327191 0.221355337891 0.151532812372 1.8830691878 
45 0.337484748777 0.223932579479 0.153489727384 1.88372053638 
46 0.341182501639 0.226344136368 0.15540551536 1.88440395173 
47 0.344784628783 0.229215756336 0.157365615482 1.88504106289 
48 0.348870567931 0.232046689821 0.159407093374 1.88555915029 
49 0.353473500127 0.235034277729 0.161749633971 1.88599189464 
50 0.358029352379 0.238545024407 0.164494399831 1.88637265544 
51 0.363187413626 0.2423693205 0.167211512136 1.88670406477 
52 0.368337133919 0.246230946304 0.170292509119 1.88702525916 
53 0.373547202284 0.25089767959 0.173704379874 1.88731880776 
54 0.379656593566 0.255992619377 0.17742307938 1.88759039238 
55 0.385594900194 0.261627243769 0.18133849236 1.88786206041 
56 0.391938097365 0.267757832847 0.18546874129 1.88810684238 
56 0.391938097365 0.267757832847 0.18546874129 1.88810684238 
57 0.397784588866 0.273605302334 0.189711211779 1.88836451027 
59 0.40999685805 0.285145716345 0.197293382114 1.88890455185 
60 0.416852081204 0.289937013867 0.200365044889 1.88930294536 
61 0.423206274686 0.294238828316 0.203114167927 1.88989187415 
62 0.430004567832 0.29859111173 0.205800979072 1.89082256582 
63 0.436095792743 0.302040857615 0.208221952937 1.89331713325 
64 0.441905413871 0.305652718893 0.210799925219 1.89708302627 
65 0.44768325692 0.309136227525 0.213176850355 1.89763919693 
66 0.454015514272 0.31230312241 0.215394932537 1.89820054591 
67 0.459923628417 0.31535529639 0.217415091767 1.89879035517 
68 0.466000960343 0.318344727021 0.219961211724 1.89943284802 
69 0.471615417685 0.321138759355 0.222085011259 1.89997068088 
70 0.476514925018 0.324214288781 0.224343911747 1.90043811728 
71 0.482005408218 0.327183766713 0.226394284538 1.90079970639 
72 0.487440577786 0.330138295682 0.228546200637 1.90109083811 
73 0.492887531348 0.33320441746 0.230693378817 1.90135506747 
74 0.498539935366 0.336133517397 0.233158641741 1.90158862224 
75 0.503890477511 0.339386489208 0.235718117 1.90181610892 
76 0.509581738882 0.342905455692 0.238219310272 1.90203220518 
77 0.515492511376 0.346445275074 0.240760743666 1.90225836958 
78 0.520929967593 0.35010253138 0.243089447132 1.90246712541 
79 0.526652533114 0.353488485203 0.245530756874 1.90267284268 
80 0.532420454387 0.357256022426 0.247886829078 1.90286628848 
81 0.538523811643 0.360899795243 0.250324260921 1.90307708876 
82 0.544284920235 0.364565539019 0.252695790002 1.90327757215 
83 0.550293815803 0.368474435268 0.255250697872 1.90353487684 
84 0.556289273852 0.372524265023 0.257728058625 1.90379537218 
85 0.56202378644 0.376642628733 0.260362034799 1.90414511722 
86 0.567651441352 0.380587017766 0.26313685119 1.90453102151 
87 0.574147321144 0.38490101818 0.266047478867 1.90496899192 
88 0.58004306136 0.389020173646 0.269393208156 1.90537579139 
89 0.586701511858 0.393511212152 0.272965914459 1.90585409733 
90 0.593909554053 0.398185194261 0.276784011473 1.90643249745 
91 0.601090922283 0.403199223896 0.280749669148 1.90750598493 
92 0.607728931974 0.408402573751 0.284997156664 1.90893067447 
93 0.615426175847 0.413328065095 0.289669335075 1.90977374832 
94 0.623078202767 0.419642111184 0.294763718735 1.91030004382 
95 0.631295560481 0.426536301233 0.300576884875 1.91072463965 
96 0.641373647077 0.434356988042 0.306771744858 1.91112356787 
97 0.654487073427 0.443202260981 0.313478296004 1.91149756334 
98 0.67075348657 0.455192399382 0.322329697081 1.91195691485 
99 0.696242537604 0.473339024823 0.333851828169 1.91282968165 
100 1.62544329216 1.0481809318 0.781558446354 1.92193047013 
