percentile mlu lu90 lu50 ave_hop_count 
0 0.0366535357596 0.0115326939755 0.0 1.22456947558 
1 0.0867066045723 0.0655188319271 0.0 1.38046690018 
2 0.09576549773 0.076264023713 0.001484375 1.38956616832 
3 0.101367466431 0.0820641518512 0.00223877575674 1.39507167111 
4 0.106086139871 0.0857449236564 0.0037109375 1.39907950263 
5 0.109602789461 0.0890562246819 0.004453125 1.40280565944 
6 0.112819597785 0.0919181604925 0.0059375 1.4056857874 
7 0.115724827576 0.0943318478937 0.007421875 1.40864690201 
8 0.118169219375 0.0967569653809 0.00949837506946 1.41108761156 
9 0.120582898626 0.0988556138741 0.0126171875 1.41334792136 
10 0.122615566908 0.100978400122 0.0200270673857 1.4152871047 
11 0.124440115687 0.102567526307 0.0287434083296 1.41703389514 
12 0.126359113018 0.104241063798 0.0400771547009 1.41900919966 
13 0.128360137819 0.10570122462 0.0456766693483 1.42081510889 
14 0.13023037094 0.107266798439 0.0494194267953 1.42247061405 
15 0.132170160893 0.108830302822 0.0522930287791 1.42413657243 
16 0.134204948133 0.110205266489 0.0549621031246 1.42565098729 
17 0.135908840416 0.111531255829 0.0572018146869 1.42716435136 
18 0.137667267891 0.112955094391 0.059375 1.42856881238 
19 0.139306266164 0.11430637262 0.0611518231667 1.42994927434 
20 0.141126823603 0.115674694986 0.063048397062 1.43135921637 
21 0.142578613393 0.117031080424 0.0647205582343 1.43267368057 
22 0.144030351398 0.118386785983 0.0663540810581 1.43401780478 
23 0.145508434707 0.119668382784 0.0682349916045 1.43524962742 
24 0.146918367727 0.120960011778 0.0701126440234 1.43641945099 
25 0.148207276176 0.122303166484 0.0719707596455 1.43760374715 
26 0.149599711466 0.123609582539 0.0738852225667 1.43877282618 
27 0.150928768281 0.125000004308 0.075703125 1.43985859982 
28 0.152167260355 0.126285788003 0.0773393797255 1.44094055361 
28 0.152167260355 0.126285788003 0.0773393797255 1.44094055361 
30 0.154812073024 0.128732008634 0.0811027693269 1.44300257459 
31 0.156022362614 0.129918725521 0.0828208339718 1.44386510165 
32 0.157290799831 0.131017050903 0.084527231394 1.44482280512 
33 0.158459523394 0.132077366704 0.0863112004516 1.4457528091 
34 0.159556871384 0.133066224662 0.0881897014858 1.44670348749 
35 0.160636563126 0.13410406438 0.0898308849554 1.44763232169 
36 0.161861781057 0.135174337807 0.0914508830689 1.44851512679 
37 0.163126082788 0.136178185257 0.0928470180407 1.44936373785 
38 0.164221090905 0.137171744152 0.0943614509403 1.45026849394 
39 0.165314581305 0.138003144385 0.095753997697 1.45116689823 
40 0.166311729291 0.138839328519 0.0971718902767 1.45200771071 
41 0.167421512871 0.13972281568 0.098446067886 1.45285823509 
42 0.168565063199 0.140618210962 0.0996198612919 1.45368791919 
43 0.169579533337 0.141550748509 0.1009287933 1.45449148248 
44 0.170643835766 0.142452420418 0.102131219261 1.45532755661 
45 0.171739482702 0.143305185267 0.103099400567 1.45618768619 
46 0.172712942829 0.144170588747 0.104165201489 1.4569913356 
47 0.173861815569 0.145043340366 0.105157376382 1.45778333976 
48 0.174935630899 0.145881939875 0.106044211412 1.45860313809 
49 0.176001943886 0.146702485197 0.106915760698 1.45938238697 
50 0.177095250788 0.147526180747 0.107726353427 1.46014194352 
51 0.17824971308 0.148343526172 0.10856924553 1.46091278826 
52 0.179291471484 0.149219036671 0.109397726305 1.46170605779 
53 0.180505278418 0.150129521791 0.110175253002 1.46249259879 
54 0.181569090023 0.150964126728 0.111012233136 1.46323680906 
55 0.182664755464 0.151707878314 0.111755635745 1.46396906782 
56 0.183812726893 0.15254924972 0.112504697328 1.46466203876 
56 0.183812726893 0.15254924972 0.112504697328 1.46466203876 
57 0.184991198091 0.153365295986 0.113264570401 1.46541597949 
59 0.187185192804 0.155041136697 0.114690810035 1.46693505514 
60 0.188280871595 0.155791626859 0.115415800713 1.46764459268 
61 0.189511911761 0.156638149794 0.116168399668 1.46837632676 
62 0.1907421875 0.157503326282 0.116904396827 1.46911478083 
63 0.191990483055 0.158304745003 0.117642223347 1.46990432814 
64 0.193369252804 0.159161613912 0.118387014982 1.4706446395 
65 0.194612230816 0.159979916629 0.119069800173 1.47142263521 
66 0.195911886163 0.1607991703 0.119829358783 1.47221996377 
67 0.197143443197 0.161645776389 0.120617400328 1.47305785879 
68 0.198521904986 0.162495533586 0.121331491871 1.4738873874 
69 0.199741713271 0.163432217183 0.122091024054 1.47469721141 
70 0.201173007538 0.16432341546 0.122879880455 1.47551088811 
71 0.20257200904 0.165192663522 0.123588042506 1.47635521884 
72 0.20409350559 0.166202844188 0.124343440087 1.47730685721 
73 0.205628062447 0.1671696087 0.125096980496 1.47835753632 
74 0.20749092659 0.168213994649 0.125819890833 1.47929880153 
75 0.209082996888 0.169041273361 0.126608444142 1.48033965749 
76 0.210810838379 0.170089061107 0.127451684474 1.48157137287 
77 0.212662650363 0.171151811528 0.128261697319 1.48271993594 
78 0.214724362316 0.172209253412 0.12913655536 1.48390720388 
79 0.216713940616 0.173309604172 0.129959996226 1.48539153278 
80 0.219050813228 0.1744140625 0.130833495786 1.48668541192 
81 0.221451225913 0.175625245461 0.131726837509 1.48816330546 
82 0.223859864996 0.176814209501 0.132588547783 1.49005552346 
83 0.226588872463 0.178015700868 0.133562368632 1.49217286766 
84 0.229620074011 0.179323252242 0.134463967966 1.49442999999 
85 0.232968966602 0.180696998605 0.135451081741 1.49756842265 
86 0.236619365768 0.182290964758 0.136464341522 1.50140392503 
87 0.240523093467 0.184071336415 0.137628658098 1.50764000459 
88 0.245464479064 0.18593583939 0.138738566785 1.51665458222 
89 0.250989744853 0.187742489195 0.139927948662 1.52723594803 
90 0.257204021457 0.190051231413 0.141337836917 1.5413195262 
91 0.263548180056 0.1927868332 0.142867568464 1.55883449961 
92 0.27119858477 0.196641431967 0.144857354304 1.57483292195 
93 0.280165216713 0.201468568796 0.146977229274 1.59086900114 
94 0.28933655001 0.209108830143 0.150291112272 1.60558016495 
95 0.300565641706 0.220297906192 0.155500298876 1.62003043577 
96 0.312551944254 0.235382835084 0.164507309522 1.63394884131 
97 0.330810959451 0.24997344311 0.180097727176 1.64889516523 
98 0.357315781553 0.263853793788 0.19626160442 1.66446805821 
99 0.408339599588 0.281555755455 0.210239609782 1.68706468262 
100 1.1555859375 0.837722967215 0.643449964672 1.79478784208 
