percentile mlu lu90 lu50 ave_hop_count 
0 0.0298828125 0.0298828125 0.0 1.24431556769 
4 0.0694140625 0.0694140625 0.0 1.37914449044 
9 0.077265625 0.077265625 0.0 1.39415436235 
14 0.0828125 0.0828125 0.0059765625 1.40414106441 
19 0.086796875 0.086796875 0.0215234375 1.41280715015 
25 0.0901171875 0.0901171875 0.0333984375 1.42041835601 
29 0.0933203125 0.0933203125 0.041015625 1.42750210609 
34 0.096328125 0.096328125 0.0475 1.43570971619 
39 0.0994140625 0.0994140625 0.0530859375 1.44400320363 
44 0.1021484375 0.1021484375 0.05828125 1.45250862393 
49 0.1048828125 0.1048828125 0.063671875 1.46095929313 
54 0.10796875 0.10796875 0.068203125 1.46994984738 
59 0.1110546875 0.1110546875 0.073046875 1.47920729263 
64 0.114296875 0.114296875 0.0774609375 1.48635013281 
69 0.117925347222 0.117925347222 0.082265625 1.49367207632 
74 0.1220703125 0.1220703125 0.086796875 1.50113653412 
79 0.12734375 0.12734375 0.0914453125 1.50929084622 
84 0.1332421875 0.1332421875 0.0965625 1.51740102027 
89 0.1411328125 0.1411328125 0.1025 1.52761768529 
94 0.1534375 0.1534375 0.110234375 1.54316070836 
100 0.2618359375 0.2618359375 0.16296875 1.67127408282 
