percentile mlu lu90 lu50 ave_hop_count 
0 0.029156626506 0.0241666666667 0.0 1.03973165504 
4 0.090390625 0.090390625 0.0323076923077 1.08490373405 
9 0.102265625 0.102265625 0.0459090909091 1.10134989201 
14 0.11214 0.11214 0.0607569721116 1.11356465192 
19 0.1201953125 0.1201953125 0.070465625 1.12336979163 
25 0.1269140625 0.1269140625 0.0768236607143 1.13165315976 
29 0.132890625 0.132890625 0.0828 1.13904381735 
34 0.1389453125 0.1389453125 0.0890625 1.14578299847 
39 0.1451171875 0.1451171875 0.0960295758929 1.15236557976 
44 0.1519921875 0.1519921875 0.1035 1.15853558711 
50 0.16125 0.16125 0.11128125 1.16476078576 
54 0.1781640625 0.1781640625 0.11995625 1.171144889 
59 0.2045703125 0.2045703125 0.12962962963 1.17779064461 
64 0.2198828125 0.2198828125 0.140474759615 1.18475201626 
69 0.2339453125 0.2339453125 0.152455357143 1.19229912225 
75 0.24734375 0.24734375 0.165789473684 1.20064097965 
79 0.2611328125 0.2611328125 0.180171130952 1.2096643043 
84 0.274765625 0.274765625 0.196086956522 1.22085686851 
89 0.2893359375 0.2893359375 0.214210526316 1.23546571076 
94 0.308671875 0.308671875 0.238075086806 1.26277228713 
100 1.79 0.993157894737 0.588455729167 1.6911042305 
