percentile mlu lu90 lu50 ave_hop_count 
0 0.0955382508117 0.0113608656089 0.0 1.20264476391 
4 0.152453590883 0.110779296875 0.00956268675299 1.28516026328 
9 0.167446201157 0.125105212014 0.0383251743562 1.29946404874 
14 0.178027066532 0.135158482143 0.0553374697337 1.31060599711 
19 0.187360686189 0.143556207797 0.0765575590588 1.31912976555 
25 0.1959375 0.151147431267 0.0891244900409 1.32818515055 
29 0.204637507379 0.158857138226 0.0972252854012 1.33816099717 
34 0.21337256656 0.166089699864 0.103299107143 1.34849794359 
39 0.223906377655 0.173136823515 0.1091015625 1.36549708132 
44 0.237835398348 0.181705688698 0.114674756206 1.38106432668 
49 0.258516736187 0.193228505808 0.120386970262 1.39829968894 
54 0.294076176344 0.222933336109 0.125565513262 1.41739162095 
59 0.347649403448 0.265089153092 0.130995745958 1.42933677818 
64 0.381133362676 0.28980992268 0.136971403302 1.44042984783 
69 0.403076171875 0.306467708305 0.143687080537 1.45129162865 
74 0.421101863728 0.321146164912 0.152589807015 1.4613012181 
79 0.441399189505 0.336305822142 0.166917929973 1.4700201604 
84 0.4665625 0.351087789693 0.193980021737 1.47830025227 
89 0.502362075617 0.36665625 0.215677070746 1.49036593927 
94 0.567753424658 0.387370296465 0.236335001981 1.51741934053 
100 1.31209238493 0.85388111522 0.626654024396 1.69796848422 
