percentile mlu lu90 lu50 ave_hop_count 
0 0.0361189197794 0.0108045131314 0.0 1.02667500136 
1 0.0931870283259 0.074375 0.0 1.05338563661 
2 0.101358096997 0.0831944538863 0.0 1.0584021003 
3 0.106466365813 0.0882988251636 0.0 1.06176766178 
4 0.110872018281 0.0921042079372 0.0 1.06438500451 
5 0.11459469661 0.0946611118877 0.000331410029483 1.06665046971 
6 0.117475600682 0.0974083733739 0.00262282941495 1.06916337 
7 0.11988475824 0.0997758090378 0.00504527298041 1.07134836923 
8 0.122331344599 0.102026340527 0.00733333333333 1.07356165286 
9 0.124577346491 0.103933571448 0.00924700726149 1.07556766198 
10 0.126579796031 0.105681078775 0.0109023668639 1.07765003792 
11 0.128832668695 0.107459203969 0.0128571428571 1.07968255686 
12 0.130935920374 0.10898765521 0.014375 1.08151031823 
13 0.133041541967 0.110456344928 0.0160277705971 1.08358440169 
14 0.134820574163 0.111749741118 0.0178571428571 1.08554187271 
15 0.136646163569 0.113304699855 0.0195887781856 1.08739041452 
16 0.138416460594 0.114763363925 0.0213386356399 1.08922143246 
17 0.140097718233 0.116349386596 0.0234530276651 1.09118798752 
18 0.141800256501 0.117816206494 0.0258246890278 1.09308003832 
19 0.143498726573 0.119022241518 0.0289658107575 1.09516676544 
20 0.14503526059 0.120343349514 0.0324894847302 1.09726369643 
21 0.14636196681 0.12165849309 0.0362896230378 1.0991981744 
22 0.147701462761 0.123030681589 0.0404735417417 1.1011446785 
23 0.149155769985 0.124481379913 0.0447058823529 1.10313446628 
24 0.150498533111 0.12583663144 0.0484615384615 1.10480491362 
25 0.15174561119 0.127124149364 0.0514788570369 1.10657495444 
26 0.153103563625 0.128252684929 0.0540286014797 1.1082973545 
27 0.154523330561 0.12934934973 0.0562375076666 1.10998894897 
28 0.15583533334 0.130296637133 0.0578978584797 1.11169880545 
28 0.15583533334 0.130296637133 0.0578978584797 1.11169880545 
30 0.158194908491 0.132476122055 0.0603777402037 1.11521775674 
31 0.159231547026 0.133414549916 0.0616776312151 1.11708968267 
32 0.160330879424 0.134289607002 0.0627272727273 1.1188266283 
33 0.161646072538 0.135204618437 0.0637186430582 1.12058950459 
34 0.162765754723 0.136080354878 0.0646153846154 1.12222910347 
35 0.163832547352 0.136946259862 0.0655361374618 1.12394674085 
36 0.165031506563 0.137751719797 0.0663326165667 1.12553733229 
37 0.166067030972 0.138594005076 0.0671968186913 1.12723600455 
38 0.167214238118 0.139361526706 0.0681311676187 1.12882817477 
39 0.168322119875 0.140262937824 0.069 1.13050996256 
40 0.169317762543 0.141027685868 0.0699074074074 1.13236219767 
41 0.170435739483 0.141821090555 0.0707304739522 1.13411005053 
42 0.171502835653 0.142586250615 0.0715123615297 1.13571155967 
43 0.172642943137 0.143403176988 0.072323645855 1.13754374888 
44 0.173649662325 0.144283493579 0.0730470077881 1.13919610525 
45 0.174619546202 0.145104814011 0.0738461538462 1.14092952338 
46 0.17564466785 0.145868803086 0.0746437619917 1.14274186067 
47 0.176631545469 0.146618573296 0.075453247763 1.14446034424 
48 0.177668270302 0.147418182887 0.0762472815675 1.1462095788 
49 0.178733707094 0.148263264744 0.077 1.14792966578 
50 0.179873455505 0.148987012268 0.0778260869565 1.14973057168 
51 0.180909090909 0.149697706058 0.0785057943836 1.15144406364 
52 0.181921673167 0.150481545569 0.0792168086217 1.15317086325 
53 0.183023507438 0.151225718451 0.08 1.15494375166 
54 0.184117647059 0.152000230952 0.0807983999898 1.15681676263 
55 0.185254643403 0.152808697482 0.0815330449436 1.15876287532 
56 0.186280689295 0.153543151415 0.0821947755128 1.16068446454 
56 0.186280689295 0.153543151415 0.0821947755128 1.16068446454 
57 0.187330361624 0.154242424242 0.083 1.16276658489 
59 0.189444444444 0.155845854297 0.0845454545455 1.16670094156 
60 0.190505275881 0.15664639744 0.0852475991706 1.16852446026 
61 0.191615347651 0.157445744467 0.086 1.17052617216 
62 0.192765327308 0.158210878245 0.0867260057947 1.17296237227 
63 0.19391587889 0.158966566261 0.0874616675389 1.17508803279 
64 0.195048668768 0.159767660145 0.0881224711079 1.17736442276 
65 0.196301022109 0.160562591256 0.0888837789794 1.17965196856 
66 0.197609635757 0.16137403137 0.0897088928408 1.18188684848 
67 0.198919843247 0.162202422381 0.0905206790534 1.18436353019 
68 0.200276308308 0.163033416364 0.0912562710329 1.18693029933 
69 0.20161570884 0.163845685918 0.0920652988394 1.1896870123 
70 0.202956274552 0.164793430287 0.0928748364048 1.19227515988 
71 0.204499203502 0.165620597832 0.0936753850734 1.19510378355 
72 0.205963604211 0.166596244969 0.0944907003636 1.19784690388 
73 0.207697845708 0.167487962927 0.0953333333333 1.20072579696 
74 0.209423382212 0.168394952981 0.0961538461538 1.20369912145 
75 0.211110454645 0.169301742263 0.097 1.20704631382 
76 0.213010029327 0.170269669699 0.0978843278943 1.21026747695 
77 0.21511621835 0.171358312161 0.0988315244557 1.21380793845 
78 0.217376735498 0.172467826115 0.0999306932601 1.21824820453 
79 0.219569510659 0.173409574701 0.100751462467 1.22212029853 
80 0.222140806889 0.174594594595 0.101666666667 1.22623268381 
81 0.224928324589 0.175796876095 0.102524425305 1.23096955879 
82 0.227883536921 0.177004639434 0.103708656936 1.23562651409 
83 0.231074119627 0.178241975015 0.104833484912 1.24045491256 
84 0.234880721806 0.179588033039 0.105900062421 1.24543881434 
85 0.238477970126 0.180938867188 0.107035731248 1.25049437854 
86 0.242845840154 0.18244322713 0.108333333333 1.25598184823 
87 0.2478560852 0.184192750847 0.109737331142 1.26149099156 
88 0.254001988421 0.185898089008 0.111184121366 1.26745437708 
89 0.25975602762 0.187861017221 0.112762169732 1.27308930727 
90 0.266319541571 0.190355259118 0.114483781557 1.27935031318 
91 0.274383271893 0.193483279949 0.116532355089 1.28544997212 
92 0.282961217809 0.197279623177 0.118794894035 1.29187262502 
93 0.290608241954 0.202942252042 0.121697091955 1.29838330437 
94 0.3 0.211037393793 0.125652173913 1.30591472098 
95 0.312042676258 0.223111075617 0.130575956038 1.31353816108 
96 0.328712959793 0.236818181818 0.137533341424 1.3221316708 
97 0.348785502955 0.251177924172 0.145001698658 1.33328283092 
98 0.381385891942 0.264945516418 0.152812260536 1.34611294246 
99 0.453079392877 0.282190457327 0.162091991296 1.36529611944 
100 1.83001903387 0.815874139166 0.515424692869 1.61487484316 
