percentile mlu lu90 lu50 ave_hop_count 
0 0.0891317863691 0.0105937040253 0.0 1.08911014705 
4 0.161013849984 0.106306179775 0.0139293907573 1.11037220096 
9 0.177609011628 0.121236132666 0.0361032216764 1.11572820331 
14 0.1904296875 0.13208130772 0.0507692307692 1.12389779089 
19 0.202230247642 0.140951032709 0.0623935703543 1.13222719519 
25 0.214626102367 0.148961362692 0.0687394713009 1.13843216076 
29 0.227627123156 0.157190163352 0.0743880521711 1.1427795982 
34 0.243691559322 0.16523723023 0.0804888858181 1.14853854292 
39 0.268596191406 0.173867188007 0.0861435704579 1.15430394925 
44 0.302415415205 0.184330410004 0.0911033693235 1.15869723129 
50 0.335555555556 0.197344344317 0.0957142857143 1.16229719646 
54 0.366343286193 0.230735225598 0.100308716002 1.16640839092 
59 0.392230893485 0.263628513546 0.105217633929 1.17169108444 
64 0.414655389832 0.283208492901 0.110909090909 1.17942209239 
69 0.437320029563 0.298501253338 0.118632290928 1.18962585238 
75 0.463415414361 0.311869812839 0.129731870845 1.1991911103 
79 0.495665358234 0.324965991624 0.143 1.20958907589 
84 0.541275630384 0.33881676696 0.159476692369 1.21963222691 
89 0.62044756977 0.354159689102 0.174938013109 1.23203854103 
94 1.44914739469 0.37449045338 0.191818181818 1.25204851743 
100 5.9 0.848722560642 0.477210233094 1.62819187412 
