percentile mlu lu90 lu50 ave_hop_count 
0 0.028359375 0.0269329637097 0.0 1.04418277433 
1 0.0707421875 0.0707421875 0.0 1.0662300041 
2 0.0785626911315 0.0785626911315 0.0 1.07216915001 
3 0.0842201834862 0.0842201834862 0.00255453618756 1.0764694576 
4 0.0880078125 0.0880078125 0.006875 1.07975340588 
5 0.0911764705882 0.0911764705882 0.0108333333333 1.08282757925 
6 0.09390625 0.09390625 0.0135714285714 1.08571852913 
7 0.09640625 0.09640625 0.0159635416667 1.08829783244 
8 0.09890625 0.09890625 0.0192307692308 1.09051148277 
9 0.10109375 0.10109375 0.0232925897632 1.09278164395 
10 0.103088685015 0.103088685015 0.0291666666667 1.09470631422 
11 0.10515625 0.10515625 0.0371732954545 1.09667217548 
12 0.1071875 0.1071875 0.04548828125 1.09852222726 
13 0.1092578125 0.1092578125 0.0525 1.10028630382 
14 0.111345565749 0.111345565749 0.0573828125 1.10203846163 
15 0.113203125 0.113203125 0.0613333333333 1.10369571307 
16 0.1150390625 0.1150390625 0.0642202524038 1.10526126104 
17 0.116875 0.116875 0.0664908256881 1.10686072167 
18 0.1184375 0.1184375 0.06859375 1.10826836261 
19 0.119877675841 0.119877675841 0.0702777777778 1.10977274371 
20 0.1212890625 0.1212890625 0.072 1.11124380209 
21 0.1226953125 0.1226953125 0.073876953125 1.11261531921 
22 0.123984375 0.123984375 0.0754807692308 1.11394806806 
23 0.1253515625 0.1253515625 0.0770104166667 1.11532430056 
24 0.126640625 0.126640625 0.0786221590909 1.11669142008 
25 0.127890625 0.127890625 0.08 1.118111789 
26 0.129051987768 0.129046321526 0.0816294642857 1.1195039774 
27 0.1302734375 0.1302734375 0.083 1.12075404675 
28 0.131484375 0.131484375 0.0844444444444 1.12202245697 
28 0.131484375 0.131484375 0.0844444444444 1.12202245697 
30 0.133828125 0.133828125 0.0871428571429 1.12447068304 
31 0.135 0.135 0.08861328125 1.12563761105 
32 0.1362109375 0.1362109375 0.09 1.12690033054 
33 0.1375 0.1375 0.0915384615385 1.12800101461 
34 0.138671875 0.138671875 0.0931034482759 1.12928124317 
35 0.1398046875 0.139787234043 0.0945454545455 1.13049382987 
36 0.1409765625 0.1409765625 0.09615625 1.13169254116 
37 0.1422265625 0.1422265625 0.0976681857639 1.13291008002 
38 0.1433984375 0.1433984375 0.0991482047364 1.13407079233 
39 0.1445703125 0.1445703125 0.10075 1.13528634454 
40 0.1457421875 0.1457421875 0.102222222222 1.13647626111 
41 0.14703125 0.14703125 0.10375 1.13775458421 
42 0.14828125 0.14828125 0.105304987981 1.13887735831 
43 0.1495703125 0.1495703125 0.106923076923 1.14011167107 
44 0.151016042781 0.151016042781 0.108333333333 1.14133471377 
45 0.152578125 0.152578125 0.11 1.14245941009 
46 0.1541796875 0.1541796875 0.111372767857 1.14367308401 
47 0.155859375 0.155859375 0.1130078125 1.14487161492 
48 0.1576171875 0.1576171875 0.114654017857 1.14605874585 
49 0.1594140625 0.1594140625 0.116388888889 1.14727387942 
50 0.161640625 0.161640625 0.118080357143 1.14861286227 
51 0.1641015625 0.1641015625 0.1196875 1.14985593337 
52 0.166875 0.166875 0.121280048077 1.15132974497 
53 0.1698046875 0.1698046875 0.123 1.15262242933 
54 0.17328125 0.17328125 0.124921875 1.15389031866 
55 0.1778515625 0.1778515625 0.126666666667 1.15518059595 
56 0.1834765625 0.1834765625 0.128571428571 1.15648291577 
56 0.1834765625 0.1834765625 0.128571428571 1.15648291577 
57 0.1894140625 0.1894140625 0.130147321429 1.15780215285 
59 0.199609375 0.199609375 0.13375 1.16047805179 
60 0.2036328125 0.2036328125 0.1355859375 1.1619109664 
61 0.206953125 0.206953125 0.137307692308 1.16328359892 
62 0.21015625 0.21015625 0.139 1.16465915991 
63 0.213125 0.213125 0.140689655172 1.16613422769 
64 0.2160546875 0.2160546875 0.1423046875 1.167607727 
65 0.2187890625 0.2187890625 0.144166666667 1.16906659433 
66 0.2216015625 0.2216015625 0.146 1.17062461478 
67 0.22421875 0.22421875 0.148 1.17212547548 
68 0.2271484375 0.2271484375 0.149977213542 1.17359651578 
69 0.2298046875 0.2298046875 0.151666666667 1.17513176742 
70 0.2326171875 0.2326171875 0.153666666667 1.1766062502 
71 0.235172413793 0.235172413793 0.155630208333 1.17832202143 
72 0.2377734375 0.2377734375 0.157777777778 1.18003987879 
73 0.240390625 0.240390625 0.159794034091 1.18165523832 
74 0.2430078125 0.2430078125 0.16175 1.183412965 
75 0.245625 0.245625 0.163806818182 1.18517562437 
76 0.2484375 0.2484375 0.1657734375 1.18696242332 
77 0.25125 0.25125 0.167777777778 1.18862500256 
78 0.253866995074 0.253866995074 0.17 1.1905181921 
79 0.256484375 0.256484375 0.172 1.19246065193 
80 0.259296875 0.259296875 0.17406640625 1.19442376415 
81 0.2617578125 0.2617578125 0.176363636364 1.1966719961 
82 0.264556650246 0.264556650246 0.178666666667 1.19896353565 
83 0.2673828125 0.2673828125 0.181028053977 1.20128887735 
84 0.26984375 0.26984375 0.183351814516 1.20376288558 
85 0.272578125 0.272578125 0.185833333333 1.20645723939 
86 0.275234375 0.275234375 0.188125 1.20932447256 
87 0.2778515625 0.2778515625 0.190869565217 1.21237296825 
88 0.2805859375 0.2805859375 0.193828125 1.21540692326 
89 0.2833203125 0.2833203125 0.196796875 1.21884599055 
90 0.28625 0.28625 0.2 1.2224765418 
91 0.289375 0.289375 0.203533653846 1.22627683023 
92 0.292578125 0.292578125 0.20728515625 1.23054073045 
93 0.2958203125 0.2958203125 0.211234375 1.23510409261 
94 0.2995703125 0.2995703125 0.215673491379 1.24078128761 
95 0.303671875 0.303671875 0.220273833671 1.24632955712 
96 0.308515625 0.308515625 0.225454545455 1.25391667071 
97 0.314765625 0.314765625 0.23102734375 1.26394990955 
98 0.3235546875 0.3235546875 0.2386171875 1.28075513798 
99 0.3372265625 0.3372265625 0.249090909091 1.31437585322 
100 0.84828125 0.693828125 0.626666666667 1.52705217308 
