percentile mlu lu90 lu50 ave_hop_count 
0 0.0332661892971 0.0117742973233 0.0022265625 1.18456454016 
1 0.0821788070656 0.0684707742355 0.00890625 1.34511591029 
2 0.0920912671497 0.0787622682661 0.0111589439843 1.3585433078 
3 0.0980347254884 0.0841561721949 0.0131405530128 1.36646061924 
4 0.102620758519 0.0885273545962 0.0149676885 1.37272332521 
5 0.106507386227 0.0921865561264 0.0185546875 1.37762891351 
6 0.110147830603 0.0952686077466 0.025900852722 1.38202550547 
7 0.113415229701 0.0981660817797 0.0393635436799 1.3859157712 
8 0.116267170338 0.100794994177 0.051936458575 1.3892979811 
9 0.11894415112 0.1031640625 0.0565917733951 1.39243791439 
10 0.121582118249 0.105446708421 0.0606697201296 1.39530476629 
11 0.124082935488 0.107729339154 0.0639205173562 1.39819558777 
12 0.126611458757 0.109912575492 0.0666754666466 1.40070952169 
13 0.129071289554 0.112033970616 0.0693592633868 1.40328927369 
14 0.131373779477 0.114120869127 0.0720079536104 1.40591411604 
15 0.133833972344 0.116027734311 0.0746155407125 1.40810499847 
16 0.13614986902 0.117990589463 0.0772963781513 1.41062079955 
17 0.138338042874 0.120241507348 0.0800250559298 1.41304470101 
18 0.1402734375 0.122118585343 0.0826659369702 1.41536845431 
19 0.142281690732 0.123931422588 0.0853515625 1.4178602756 
20 0.14408998185 0.125808094112 0.087932529425 1.42031702258 
21 0.145918155093 0.127642020943 0.0903854209068 1.42275163393 
22 0.147726557357 0.129267683994 0.0927451916768 1.42522918317 
23 0.149613858794 0.130841116125 0.0952260496163 1.42763667892 
24 0.15132828434 0.132390759001 0.0975027318557 1.43015315011 
25 0.152967176867 0.133759199402 0.0993693957755 1.43260597003 
26 0.154679041992 0.135257817021 0.101248009642 1.43502171332 
27 0.156217813838 0.136766605682 0.10287782357 1.43759670889 
28 0.157733684365 0.138131186602 0.10435535104 1.44002759704 
28 0.157733684365 0.138131186602 0.10435535104 1.44002759704 
30 0.16102511418 0.141063716974 0.10721829931 1.44503961119 
31 0.162620440751 0.142413260159 0.108565775361 1.44755317122 
32 0.164246321678 0.143809491817 0.109886820285 1.44985144136 
33 0.165706295505 0.145148916898 0.111134148019 1.45213231812 
34 0.167300520004 0.146551784531 0.112415273895 1.45440425521 
35 0.168931529012 0.147958908117 0.113644960543 1.45676572812 
36 0.170527731079 0.149410562357 0.11491384482 1.45904759899 
37 0.172202284352 0.150859831458 0.11611425497 1.46128117964 
38 0.173892437701 0.152160588728 0.11728321062 1.4636161537 
39 0.175724647682 0.153604951225 0.118387678897 1.46579886585 
40 0.177471385284 0.15500052796 0.119611934113 1.46800429044 
41 0.179200983436 0.156487416444 0.120817332411 1.47017206882 
42 0.180970773095 0.158009894677 0.121990823969 1.4722836011 
43 0.18281345075 0.159534112022 0.123170001727 1.47430762412 
44 0.184870428784 0.161119264268 0.124420166052 1.47648537766 
45 0.186746310861 0.162740628697 0.125754283835 1.47852670566 
46 0.188817614305 0.164399361469 0.127108487422 1.48054280487 
47 0.190785578527 0.166203703375 0.128463576752 1.48263774795 
48 0.193091908763 0.167964452366 0.129834514583 1.48460976247 
49 0.195595241586 0.169904934933 0.13134494152 1.48648332066 
50 0.198397718623 0.171861969707 0.132858051422 1.48838108633 
51 0.201551889898 0.173848636865 0.134545820931 1.49005367586 
52 0.204715857143 0.176155379032 0.136295029754 1.49179505976 
53 0.208947837149 0.178878897273 0.138074402449 1.49348670541 
54 0.214284734619 0.182139713973 0.140216457996 1.49517260012 
55 0.221878838062 0.185817934594 0.142455011972 1.49671875237 
56 0.229878727344 0.190637843358 0.145176714078 1.49806449605 
56 0.229878727344 0.190637843358 0.145176714078 1.49806449605 
57 0.238613181014 0.19728104373 0.148057765527 1.49951447565 
59 0.253619515985 0.211349973689 0.154411136937 1.50235874285 
60 0.259545675624 0.217289744884 0.157315047994 1.50375427843 
61 0.26482668944 0.221926998835 0.160192399871 1.50506128548 
62 0.269532041628 0.225959624065 0.162930196153 1.50626075312 
63 0.273677282969 0.229638400642 0.165521701833 1.50750192244 
64 0.277769032247 0.232788341612 0.167991315224 1.50860218904 
65 0.281791582999 0.235672437493 0.170161627637 1.50983589589 
66 0.285305109558 0.238411145609 0.172387400955 1.51105183032 
67 0.288787842897 0.24131035034 0.174525934992 1.5123340079 
68 0.292270771251 0.244037038998 0.176640625 1.51360985088 
69 0.295840983049 0.246629339957 0.17867459192 1.51480001633 
70 0.299060502094 0.249061114895 0.180658036968 1.5159798738 
71 0.302189063903 0.251631115852 0.182610030945 1.51713630748 
72 0.305523873445 0.253927535098 0.184606896919 1.51829419479 
73 0.308711159326 0.25647657785 0.18667540102 1.51949502901 
74 0.311695368084 0.259020858719 0.188543517486 1.52064638859 
75 0.314651539027 0.261453915438 0.190673586995 1.52176447631 
76 0.317566315486 0.264051529755 0.192520110712 1.5230009237 
77 0.320307762828 0.266432488468 0.194499554238 1.52409914665 
78 0.323165222364 0.268949939527 0.19648190131 1.52537554208 
79 0.326187343239 0.271588312425 0.198414087819 1.52656020417 
80 0.329043357794 0.274259272283 0.200384082136 1.52778165437 
81 0.331790089388 0.277132084387 0.202352613673 1.52902374836 
82 0.334749184525 0.279975033284 0.204365648049 1.53030036088 
83 0.337823623239 0.282720985873 0.206536255737 1.53168338237 
84 0.341031472836 0.285668838117 0.208681374415 1.53305376204 
85 0.34392538223 0.288392226454 0.21106980222 1.53439993687 
86 0.347396620217 0.291242436174 0.213407338872 1.5357892343 
87 0.350819229625 0.294332991826 0.215946448795 1.5373943707 
88 0.354689206566 0.297368713168 0.218704682893 1.53914712321 
89 0.358632232871 0.300583920605 0.221454376352 1.54103234048 
90 0.363156401167 0.303801227234 0.224328618488 1.54285044126 
91 0.367012637984 0.307311136859 0.227181705654 1.54476200033 
92 0.3718359375 0.311115317118 0.230094588046 1.54681790448 
93 0.377602549138 0.315324670215 0.233255768526 1.54942678516 
94 0.383856100986 0.319432206336 0.236444342647 1.5524363052 
95 0.39142776012 0.324621526882 0.239903302167 1.55606925473 
96 0.400601792982 0.330240317031 0.243819839249 1.56037121681 
97 0.413294247526 0.336457380345 0.248465626208 1.56645744003 
98 0.432687968684 0.344638316549 0.254231888632 1.57544546938 
99 0.467277169056 0.358232283398 0.262798921094 1.59032365218 
100 1.0890625 0.797910985619 0.651828751914 1.76417628289 
