percentile mlu lu90 lu50 ave_hop_count 
0 0.0890330959211 0.0113586763295 0.0 1.08121478208 
4 0.150860073252 0.106410984664 0.004 1.10330891799 
9 0.169041165175 0.119894113216 0.0296986279032 1.11072239063 
14 0.183633285709 0.129623136365 0.0463411982155 1.12255239362 
19 0.197245250138 0.13708856305 0.0631772431604 1.12768676543 
25 0.211986347314 0.1437564876 0.0713721197162 1.13192532919 
29 0.228696152342 0.150257908112 0.0792239951697 1.13777366531 
34 0.249154308437 0.156300865717 0.0859927429596 1.14275523426 
39 0.275276910154 0.162770926732 0.0914773871109 1.14685937801 
44 0.310723516243 0.170689539169 0.0974693253029 1.15303947216 
50 0.347521072356 0.181867194846 0.10407770491 1.15846610477 
54 0.379060578988 0.204294229263 0.112694994447 1.16281182156 
59 0.408933871078 0.229097648592 0.127199501277 1.16921947733 
64 0.439011925341 0.244457654032 0.139809273511 1.17544478006 
69 0.472518717269 0.259187863355 0.148625058712 1.18271396846 
75 0.511428571429 0.2726989808 0.156848815885 1.19264686984 
79 0.560312094958 0.285090668623 0.165626592603 1.20102609154 
84 0.633636363636 0.298599493442 0.177388856157 1.21014613782 
89 0.812624792035 0.313777797567 0.195 1.23419860399 
94 1.86881885935 0.332666666667 0.215978432506 1.30820354457 
100 5.7691745474 0.898160997484 0.468096291848 1.59711544424 
