percentile mlu lu90 lu50 ave_hop_count 
0 0.03625 0.0148046875 0.009140625 1.94736842105 
1 0.1056640625 0.0733984375 0.028125 1.94736842105 
2 0.1234375 0.086875 0.032265625 1.94736842105 
3 0.1328125 0.096484375 0.035625 1.94736842105 
4 0.139921875 0.1030078125 0.0384765625 1.94736842105 
5 0.1453515625 0.108359375 0.04171875 1.94736842105 
6 0.15 0.11296875 0.0465625 1.94736842105 
7 0.1546875 0.117109375 0.0559765625 1.94736842105 
8 0.158828125 0.120859375 0.062578125 1.94736842105 
9 0.1625 0.12421875 0.0662890625 1.94736842105 
10 0.16640625 0.127421875 0.069375 1.94736842105 
11 0.1703515625 0.13046875 0.071953125 1.94736842105 
12 0.174296875 0.13359375 0.074609375 1.94736842105 
13 0.1780859375 0.1366015625 0.0771484375 1.94736842105 
14 0.18171875 0.13953125 0.0797265625 1.94736842105 
15 0.1854296875 0.14265625 0.082421875 1.94736842105 
16 0.1892578125 0.1458203125 0.0851171875 1.94736842105 
17 0.1928125 0.14890625 0.0878125 1.94736842105 
18 0.1961328125 0.1520703125 0.090625 1.94736842105 
19 0.2 0.155 0.093359375 1.94736842105 
20 0.203984375 0.1581640625 0.09609375 1.94736842105 
21 0.2071484375 0.16125 0.0991015625 1.94736842105 
22 0.2103125 0.164453125 0.102109375 1.94736842105 
23 0.213046875 0.1673828125 0.1050390625 1.94736842105 
24 0.2158984375 0.1702734375 0.1078125 1.94736842105 
25 0.2186328125 0.173046875 0.1100390625 1.94736842105 
26 0.2214453125 0.175625 0.1122265625 1.94736842105 
27 0.2241015625 0.1781640625 0.1141015625 1.94736842105 
28 0.2267578125 0.1806640625 0.116015625 1.94736842105 
28 0.2267578125 0.1806640625 0.116015625 1.94736842105 
30 0.231796875 0.1854296875 0.119375 1.94736842105 
31 0.2341796875 0.188046875 0.121015625 1.94736842105 
32 0.236484375 0.1903125 0.1224609375 1.94736842105 
33 0.23890625 0.1926953125 0.12390625 1.94736842105 
34 0.2411328125 0.1951171875 0.1253515625 1.94736842105 
35 0.2434765625 0.1973046875 0.1268359375 1.94736842105 
36 0.2458203125 0.19953125 0.1282421875 1.94736842105 
37 0.2482421875 0.20171875 0.1296484375 1.94736842105 
38 0.2503515625 0.20390625 0.131015625 1.94736842105 
39 0.2526953125 0.20625 0.1324609375 1.94736842105 
40 0.255234375 0.20859375 0.1338671875 1.94736842105 
41 0.2576171875 0.2108984375 0.1353125 1.94736842105 
42 0.25984375 0.213046875 0.13671875 1.94736842105 
43 0.2625 0.21515625 0.138203125 1.94736842105 
44 0.2650390625 0.2175 0.1396875 1.94736842105 
45 0.267734375 0.21984375 0.14125 1.94736842105 
46 0.2706640625 0.2221484375 0.142734375 1.94736842105 
47 0.2734765625 0.2246875 0.144375 1.94736842105 
48 0.2762109375 0.2274609375 0.1460546875 1.94736842105 
49 0.279453125 0.2301171875 0.1479296875 1.94736842105 
50 0.2826953125 0.233046875 0.14984375 1.94736842105 
51 0.28625 0.2358203125 0.1519140625 1.94736842105 
52 0.2900390625 0.2391796875 0.15421875 1.94736842105 
53 0.2940625 0.2426171875 0.1568359375 1.94736842105 
54 0.2988671875 0.246640625 0.1598828125 1.94736842105 
55 0.304375 0.2509765625 0.16359375 1.94736842105 
56 0.310859375 0.25640625 0.168984375 1.94736842105 
56 0.310859375 0.25640625 0.168984375 1.94736842105 
57 0.3197265625 0.26203125 0.1775 1.94736842105 
59 0.3394140625 0.274921875 0.19375 1.94736842105 
60 0.3485546875 0.2809375 0.1986328125 1.94736842105 
61 0.355625 0.2862109375 0.2021484375 1.94736842105 
62 0.3621875 0.2909765625 0.2050390625 1.94736842105 
63 0.36796875 0.295078125 0.20796875 1.94736842105 
64 0.373359375 0.299296875 0.21046875 1.94736842105 
65 0.3780859375 0.303203125 0.212890625 1.94736842105 
66 0.3828125 0.3065625 0.2152734375 1.94736842105 
67 0.387265625 0.3096484375 0.2175 1.94736842105 
68 0.3919140625 0.312734375 0.219765625 1.94736842105 
69 0.3966796875 0.316015625 0.2219140625 1.94736842105 
70 0.401015625 0.3190234375 0.2239453125 1.94736842105 
71 0.405 0.3220703125 0.2259375 1.94736842105 
72 0.409375 0.325390625 0.2280078125 1.94736842105 
73 0.413203125 0.3284765625 0.2303515625 1.94736842105 
74 0.417421875 0.331640625 0.232421875 1.94736842105 
75 0.42140625 0.334765625 0.234921875 1.94736842105 
76 0.425546875 0.337890625 0.2373046875 1.94736842105 
77 0.42921875 0.34109375 0.2397265625 1.94736842105 
78 0.4333984375 0.34390625 0.2419921875 1.94736842105 
79 0.4371484375 0.3471484375 0.244453125 1.94736842105 
80 0.44140625 0.350546875 0.24703125 1.94736842105 
81 0.4456640625 0.353984375 0.249765625 1.94736842105 
82 0.449921875 0.3575390625 0.25234375 1.94736842105 
83 0.4540234375 0.361171875 0.2553515625 1.94736842105 
84 0.458125 0.364921875 0.25859375 1.94736842105 
85 0.4623046875 0.368828125 0.261640625 1.94736842105 
86 0.4665234375 0.3733984375 0.26546875 1.94736842105 
87 0.470703125 0.3780859375 0.269296875 1.94736842105 
88 0.4751171875 0.3827734375 0.2730859375 1.94736842105 
89 0.4794140625 0.38796875 0.276875 1.94736842105 
90 0.48421875 0.3925 0.280703125 1.94736842105 
91 0.4897265625 0.397734375 0.284921875 1.94736842105 
92 0.49484375 0.403125 0.28890625 1.94736842105 
93 0.5004296875 0.408671875 0.2930078125 1.94736842105 
94 0.506171875 0.4141796875 0.297578125 1.94736842105 
95 0.5125390625 0.4201171875 0.3019140625 1.94736842105 
96 0.519609375 0.4265625 0.3065625 1.94736842105 
97 0.5284375 0.4334765625 0.312734375 1.94736842105 
98 0.5390234375 0.4422265625 0.3192578125 1.94736842105 
99 0.55703125 0.456015625 0.328671875 1.94736842105 
100 1.340078125 1.1199609375 0.72046875 1.94736842105 
