percentile mlu lu90 lu50 ave_hop_count 
0 0.028359375 0.0236004464286 0.0 1.02061956564 
4 0.08953125 0.08953125 0.002 1.05363778027 
9 0.1015234375 0.1015234375 0.0165127840909 1.06192882976 
14 0.11109375 0.11109375 0.0352323190789 1.06833924649 
19 0.119296875 0.119296875 0.0531612723214 1.07408872845 
25 0.1262109375 0.1262109375 0.0652376302083 1.07951542954 
29 0.1321875 0.1321875 0.073828125 1.08459692514 
34 0.138125 0.138102766798 0.0812 1.08971894046 
39 0.1442578125 0.14421875 0.0887856158088 1.0948990918 
44 0.150948905109 0.1509375 0.0964705882353 1.10018260633 
49 0.1593359375 0.159296875 0.104516129032 1.10566647493 
54 0.17359375 0.173529411765 0.113333333333 1.11148755503 
59 0.20140625 0.201328125 0.123636363636 1.11769853143 
64 0.219140625 0.2190625 0.134347826087 1.12405492398 
69 0.2344921875 0.234375 0.144375 1.13119044957 
74 0.248828125 0.2487109375 0.1546484375 1.13970304056 
79 0.262734375 0.2626171875 0.166693209135 1.14978053274 
84 0.275859375 0.27578125 0.179523809524 1.16274715133 
89 0.2901953125 0.2900390625 0.195833333333 1.18414120063 
94 0.3091796875 0.30890625 0.215714285714 1.23086543127 
100 0.74752 0.74752 0.52787109375 1.61339361694 
