percentile mlu lu90 lu50 ave_hop_count 
0 0.0340561497139 0.011378903268 0.0 1.06194760468 
4 0.117976866914 0.0979190621444 0.0275 1.10860539116 
9 0.133777209986 0.111029599958 0.0473732572622 1.12200251153 
14 0.145375234824 0.121874038587 0.0645841510114 1.13194991581 
19 0.154798138992 0.1304 0.0750731598706 1.14069680913 
25 0.163046573152 0.137272727273 0.0825338201611 1.14955015406 
29 0.170784500821 0.143839107217 0.0885760189223 1.15737119278 
34 0.179022978286 0.150312780092 0.0944634545504 1.16481044172 
39 0.188084708902 0.157196029777 0.100188023877 1.17173365635 
44 0.199758507559 0.165080065358 0.105860731811 1.17857112519 
50 0.218581776332 0.175072188708 0.113124639822 1.18596335939 
54 0.259344049995 0.194509082654 0.122626871961 1.19335861862 
59 0.293573538885 0.222608695652 0.134029187585 1.20136098457 
64 0.316137241038 0.238211631601 0.143136476427 1.20985022621 
69 0.334226952643 0.250386151622 0.151162096191 1.21920196483 
75 0.352290079106 0.262096890931 0.159276309921 1.23045439402 
79 0.371776347945 0.27441790975 0.167727272727 1.24347486589 
84 0.396526039844 0.287607014437 0.177152851337 1.25836297435 
89 0.435147504406 0.302794484905 0.19001059905 1.2773993828 
94 0.50651474172 0.3228 0.207530114832 1.31527091751 
100 1.38936609804 0.810065790619 0.386153846154 1.51577577715 
