percentile mlu lu90 lu50 ave_hop_count 
0 0.0332046275742 0.0116454497573 0.0 1.04718944885 
1 0.0887814680697 0.0748144485976 0.0 1.09164524816 
2 0.0973352795025 0.0838291964895 0.00518215606916 1.09897067192 
3 0.103232026477 0.0893103664414 0.0162448045816 1.10449424943 
4 0.107448097665 0.0934378723482 0.0232803300349 1.10872999223 
5 0.111250809979 0.0971103817955 0.0285406848905 1.11229962607 
6 0.114774751531 0.100039827311 0.0332315945896 1.11521457034 
7 0.11762685193 0.102831323139 0.0375862771066 1.11795215875 
8 0.120682347671 0.105323732354 0.041342965639 1.12043321959 
9 0.123584821269 0.107717169344 0.0451249608438 1.12275833947 
10 0.126437758499 0.110048309179 0.0489199467452 1.12505965736 
11 0.129148606491 0.112314746402 0.0528018326642 1.12724656448 
12 0.131692844888 0.114592394031 0.0568153726093 1.12932625904 
13 0.133992425915 0.116816414083 0.0602043881067 1.13145394157 
14 0.136344713854 0.118884093392 0.0633174849979 1.13332304742 
15 0.138406735149 0.120912344059 0.0661973389007 1.13518072866 
16 0.140251413818 0.12296907777 0.0687629097667 1.13695067718 
17 0.142316027481 0.124782608696 0.0708834012326 1.13868588636 
18 0.144201870442 0.12652173913 0.0728571428571 1.14053028402 
19 0.146030121634 0.128186418984 0.0746666666667 1.14222443355 
20 0.147797548565 0.129625000682 0.0763013193442 1.14400381032 
21 0.149398347099 0.13124596195 0.077875348809 1.14571708784 
22 0.151027849248 0.132684230622 0.0792835257695 1.14736071777 
23 0.152573925695 0.134056624239 0.0808333333333 1.14897959643 
24 0.154125030598 0.13541136796 0.0822402575466 1.15067388279 
25 0.155673966473 0.13671196167 0.0835294117647 1.15229573115 
26 0.157242152224 0.138086890896 0.0847454460638 1.15380183216 
27 0.158885268032 0.13940334825 0.0859643829562 1.15533852265 
28 0.160318764421 0.140728320702 0.08724429347 1.15679411754 
28 0.160318764421 0.140728320702 0.08724429347 1.15679411754 
30 0.163292154099 0.143472103979 0.089664729303 1.15984336226 
31 0.164830420428 0.144655246065 0.0908333333333 1.16137012142 
32 0.166261326828 0.146109022057 0.0919166027489 1.16282121059 
33 0.167654777586 0.147296389033 0.0930814661336 1.16432945158 
34 0.169182451749 0.148626657483 0.094339815067 1.16576665319 
35 0.170854105094 0.149878433426 0.0954825495769 1.16719179756 
36 0.172388912727 0.151257504755 0.0966171375953 1.1686096318 
37 0.173994187643 0.152600624654 0.0977327208355 1.17008729183 
38 0.175628169646 0.153953200781 0.0988 1.17164561427 
39 0.177189164168 0.15527340953 0.1 1.17296671793 
40 0.178954326776 0.156599237994 0.101060046253 1.17444468249 
41 0.180617462685 0.158100130633 0.102283614143 1.17584169525 
42 0.182451492235 0.159561059648 0.103380128055 1.17738368612 
43 0.184316006109 0.161082383844 0.104553140097 1.17878435883 
44 0.186189611797 0.162749137067 0.10582903574 1.18012271997 
45 0.188339890322 0.164326228897 0.107113098108 1.18152118997 
46 0.190526315789 0.166038877771 0.108511338377 1.18290708837 
47 0.193043478261 0.167895663147 0.10986890296 1.18429560287 
48 0.195930116895 0.169813073996 0.111352609703 1.18578754794 
49 0.198991567957 0.171795855365 0.112843361009 1.187242237 
50 0.202336588436 0.174176907967 0.114437355636 1.18877404564 
51 0.206560178574 0.176719829175 0.116199040861 1.1903422742 
52 0.212184277813 0.179417115903 0.11818858256 1.19187479335 
53 0.2192 0.182869834188 0.120123360975 1.19343265811 
54 0.227201127702 0.187215987107 0.122521203136 1.19501706468 
55 0.235954805941 0.192390658313 0.124935805949 1.19659438906 
56 0.243164308415 0.199763852857 0.127462548982 1.19827286691 
56 0.243164308415 0.199763852857 0.127462548982 1.19827286691 
57 0.249122561077 0.207027360858 0.13 1.19995465342 
59 0.260022977498 0.217350586954 0.13505865136 1.20316623491 
60 0.264467803262 0.221782470329 0.137193721316 1.20475011351 
61 0.268837468939 0.225320226956 0.139357093515 1.20637329863 
62 0.272832827568 0.228551382366 0.141115555672 1.20827237382 
63 0.27661587278 0.2314607067 0.142927260733 1.21009285104 
64 0.280277866096 0.234077412141 0.144865091512 1.21181466387 
65 0.284026897619 0.236670036149 0.146566502463 1.213584946 
66 0.28757046408 0.239162753128 0.148185729525 1.21536222926 
67 0.290913986113 0.24185157612 0.149908920166 1.21730528868 
68 0.294028182559 0.244432860902 0.151485718706 1.21918004166 
69 0.29721260045 0.246831720612 0.153172035746 1.22111546943 
70 0.300235574262 0.249090909091 0.154666248453 1.22322837932 
71 0.303187300593 0.251475754166 0.156235784032 1.22525956835 
72 0.306263772685 0.253815685031 0.157744133444 1.22749879661 
73 0.309307219284 0.255989748329 0.159237239335 1.22973263555 
74 0.312184561945 0.258145288795 0.160909090909 1.23204097489 
75 0.315284604793 0.260591211553 0.162465911226 1.23430418319 
76 0.318184709956 0.263004121538 0.163988508411 1.23663975649 
77 0.321147245313 0.265360517028 0.16569056764 1.23896404134 
78 0.32426055682 0.267761220686 0.167346004931 1.24144504849 
79 0.32706541381 0.270223281871 0.168947368421 1.24405213452 
80 0.329885872089 0.272849478273 0.170666666667 1.24659938878 
81 0.332991318582 0.275476041015 0.172405020563 1.24927278718 
82 0.336236560734 0.277885903366 0.174160861511 1.25201313913 
83 0.339316156452 0.28049279394 0.175774790804 1.25497815294 
84 0.342777777778 0.283210155113 0.177763114743 1.25830470393 
85 0.346158638348 0.285905272043 0.179882349616 1.26163548728 
86 0.349524026156 0.28867454231 0.182142857143 1.26503228985 
87 0.353035361446 0.291359825404 0.184540245921 1.26867805447 
88 0.356725077914 0.294278857087 0.186923076923 1.27278027062 
89 0.360823388107 0.297483947999 0.189509732291 1.27712072297 
90 0.365450130239 0.300667818049 0.192468625396 1.28207273876 
91 0.370551509747 0.303904548688 0.195550421299 1.28720595716 
92 0.375951055709 0.307499901713 0.19901308023 1.29301529181 
93 0.38178830468 0.311352996483 0.202023478185 1.30015291289 
94 0.387953579746 0.316004185212 0.205555555556 1.30915271079 
95 0.395525345163 0.320350337499 0.209280280876 1.32103401008 
96 0.405100887412 0.326157178371 0.213125 1.33718720534 
97 0.419150302427 0.332083788951 0.218 1.35858602554 
98 0.441216778132 0.339815314472 0.224406381883 1.38927511377 
99 0.488209714289 0.3534830398 0.233929384561 1.42922470776 
100 1.6451222103 0.784500060406 0.538018595999 1.55153357516 
