percentile mlu lu90 lu50 ave_hop_count 
0 0.0308467741935 0.022962962963 0.0 1.02848998127 
4 0.103125 0.103125 0.0 1.05848379301 
9 0.11625 0.11625 0.0056 1.0682323748 
14 0.123974358974 0.123974358974 0.025 1.07624747662 
19 0.13015625 0.13015625 0.04875 1.08368105689 
25 0.1360546875 0.1360546875 0.0642991727941 1.09046336767 
29 0.1419921875 0.1419921875 0.0728571428571 1.09720388769 
34 0.148125 0.148125 0.0793452380952 1.10370171727 
39 0.15525974026 0.15525974026 0.0851678240741 1.1105583792 
44 0.165319148936 0.165319148936 0.09102734375 1.11792392674 
50 0.182731092437 0.182731092437 0.0976923076923 1.12622556083 
54 0.2104 0.2104 0.104666666667 1.13555289999 
59 0.23 0.23 0.112526041667 1.14594420828 
64 0.247297297297 0.247207207207 0.122222222222 1.15730828833 
69 0.2639453125 0.263878787879 0.132569754464 1.17015372682 
75 0.279415204678 0.279274193548 0.143328125 1.18474401989 
79 0.297673267327 0.297421875 0.154838709677 1.20412022903 
84 0.3211328125 0.320816326531 0.168854166667 1.23428435373 
89 0.35582278481 0.354830917874 0.189285714286 1.31353394127 
94 0.784705882353 0.576666666667 0.218062317429 1.58732740794 
100 2.10764705882 1.35409867173 0.56578125 1.81397389451 
