percentile mlu lu90 lu50 ave_hop_count 
0 0.077 0.0105963317322 0.0 1.00114974446 
4 0.147593290741 0.107 0.00091492245033 1.00968906471 
9 0.166194835053 0.121790928048 0.0217874565577 1.01729595325 
14 0.179035923529 0.132941176471 0.0325 1.02129901185 
19 0.190294117647 0.141875 0.042 1.02547330885 
25 0.201432450452 0.15 0.05 1.03079128489 
29 0.2125 0.156742251998 0.0557987374113 1.03337599798 
34 0.223571428571 0.163333333333 0.0608343836455 1.03658540694 
39 0.236601067457 0.170606060606 0.0653987583848 1.03907278456 
44 0.254761904762 0.179339977676 0.0696139518592 1.04148804355 
50 0.291951553474 0.190456639936 0.074030513214 1.04425432721 
54 0.347626224037 0.213091000808 0.0788888888889 1.04740810198 
59 0.382405523306 0.243666666667 0.085 1.05130925192 
64 0.408822032904 0.261166730593 0.0946153846154 1.05598094726 
69 0.436153846154 0.275111846057 0.104561771061 1.06227734674 
75 0.465322087032 0.287142857143 0.11375 1.06913672225 
79 0.500041127581 0.299496608609 0.123846153846 1.07426145396 
84 0.542353385509 0.312380952381 0.137142857143 1.0806061442 
89 0.603333333333 0.327272727273 0.150678122897 1.09323947548 
94 0.712098992976 0.346923076923 0.163510261008 1.12706868778 
100 3.745 0.880441482197 0.346923076923 1.35375389892 
