percentile mlu lu90 lu50 ave_hop_count 
0 0.0332730277215 0.0126970297738 0.0 1.08155043739 
1 0.0850019585825 0.0738996939505 0.00353238677137 1.14787151071 
2 0.0943400158433 0.0826590613978 0.008125 1.15623542755 
3 0.100058184595 0.0879570222871 0.020600584181 1.16182974001 
4 0.104367781619 0.0922192478074 0.0301087743729 1.16646296101 
5 0.107822423204 0.0956378223375 0.0369042446959 1.17026201574 
6 0.111148973968 0.0986657499922 0.0419182600761 1.17366788568 
7 0.114121217096 0.101204766338 0.0458491651729 1.17680056875 
8 0.11677504808 0.103839756929 0.0492628222917 1.17949997349 
9 0.119555594919 0.106157118901 0.0526320226353 1.18211947451 
10 0.122294677862 0.108320786477 0.0559605713378 1.18464316296 
11 0.124848724535 0.110619740529 0.0593497336611 1.18709609866 
12 0.127387934107 0.112997568842 0.0628439468003 1.18942174377 
13 0.129906566292 0.115066195053 0.065817541488 1.19167990802 
14 0.132153301376 0.117225125383 0.0687080988766 1.19383767667 
15 0.134109497744 0.119243221433 0.071278600865 1.19589378384 
16 0.136140299063 0.121247633903 0.0737550257566 1.1980140971 
17 0.138077928416 0.123097221148 0.0759589469195 1.20002140446 
18 0.140011656176 0.124827350461 0.0779883625269 1.20199921381 
19 0.141737628037 0.126351132132 0.0798229264432 1.20381867295 
20 0.143442395044 0.127953698726 0.0815165417883 1.20564208244 
21 0.145004241995 0.129488294766 0.0832622714524 1.20735600642 
22 0.146496996523 0.131059663295 0.0847967432431 1.20904012083 
23 0.148245329926 0.1324254541 0.0863138022066 1.21077554133 
24 0.149891744748 0.13382207178 0.0877115456831 1.212443841 
25 0.151212181333 0.135072276465 0.0890056958685 1.21421296226 
26 0.152641245237 0.136338962709 0.0903462429746 1.21593945599 
27 0.154160350375 0.137737418764 0.0915457757605 1.21762850386 
28 0.155646616849 0.139061965474 0.0927334506665 1.21934694648 
28 0.155646616849 0.139061965474 0.0927334506665 1.21934694648 
30 0.158556754368 0.141705150109 0.0950368536979 1.22274832144 
31 0.159891738754 0.142997798994 0.0962632753786 1.22433586487 
32 0.161369482613 0.144404871064 0.0973728752184 1.22598819144 
33 0.162724491938 0.145667771576 0.0984872548882 1.22768487297 
34 0.164145820102 0.146984711246 0.0995652173913 1.22946707392 
35 0.165563677708 0.148294509501 0.100742705166 1.23104445495 
36 0.167133919661 0.149639914084 0.101802339368 1.23256874003 
37 0.168558205084 0.150957145379 0.102938553299 1.23424666425 
38 0.170151422238 0.152234104254 0.103978337196 1.23588234547 
39 0.171745458831 0.153621917256 0.105019884327 1.23757122505 
40 0.173396531407 0.154993266086 0.106100065472 1.23915678446 
41 0.175025232862 0.15648651637 0.107158528232 1.24072877581 
42 0.176713398865 0.158012456813 0.108291420249 1.24240870813 
43 0.178494956177 0.159468366652 0.109460060862 1.24409323849 
44 0.180322898085 0.161067621713 0.110739858002 1.24576961232 
45 0.182349538127 0.162746117358 0.112030856442 1.2474757907 
46 0.184463806343 0.164319150944 0.113426534659 1.24919946906 
47 0.186731174773 0.166196471452 0.114848819856 1.25085935155 
48 0.189192783967 0.168089618293 0.11633037241 1.25252108671 
49 0.19196170046 0.170229825917 0.117958167211 1.25421463165 
50 0.195153721504 0.17241249748 0.119615567788 1.25588726156 
51 0.198886619429 0.174831942906 0.121508873022 1.25776090851 
52 0.203602866151 0.177813363311 0.123681570011 1.25976638767 
53 0.209765964424 0.181147072184 0.126172184526 1.26162857197 
54 0.217744033549 0.185286995473 0.128896451755 1.26338692334 
55 0.225671793292 0.190612908689 0.131860058346 1.26530369117 
56 0.23285609585 0.197385161405 0.135004061191 1.26738842163 
56 0.23285609585 0.197385161405 0.135004061191 1.26738842163 
57 0.238904534485 0.204127447291 0.138216919524 1.26932113663 
59 0.248285458088 0.214518416501 0.143336397948 1.27356587309 
60 0.252375686371 0.2187890625 0.145700530247 1.27555326273 
61 0.256458763862 0.222545183174 0.147975089642 1.2776856362 
62 0.260144251324 0.225617442163 0.150067102201 1.27980158763 
63 0.264033266345 0.228522856362 0.151951079778 1.28192340645 
64 0.267383131435 0.231166822093 0.15375630012 1.28401115218 
65 0.270646923851 0.233534274585 0.155499311011 1.28612622685 
66 0.273924963258 0.23606581028 0.157084661372 1.2886189633 
67 0.276843271862 0.238520867855 0.158692973655 1.29088930332 
68 0.279886447612 0.241025788882 0.160228850056 1.29309593848 
69 0.282764562566 0.243248891831 0.16186918229 1.29562427607 
70 0.285799318324 0.245539826735 0.163532453249 1.29790005185 
71 0.288700068355 0.24782240645 0.165079004167 1.30034030053 
72 0.291645411913 0.250151293814 0.166725584142 1.30275999846 
73 0.294621658094 0.252542164678 0.168409288287 1.30539375554 
74 0.297425077987 0.254761889632 0.17 1.30794839262 
75 0.300384343805 0.257194244375 0.171596559647 1.31070532882 
76 0.303164940587 0.259449288723 0.173225374717 1.31341037005 
77 0.305909412475 0.261733879506 0.174926757812 1.31608304093 
78 0.308557567918 0.2641015625 0.176666666667 1.31903651989 
79 0.31132020394 0.266588285989 0.178345613585 1.32182791102 
80 0.314271017306 0.26900366687 0.18006368028 1.32481495081 
81 0.317091059503 0.271581879868 0.18183991928 1.32791185977 
82 0.319982448257 0.274173891829 0.183733274377 1.33099481974 
83 0.322958729466 0.27683915601 0.185833333333 1.33426380463 
84 0.326049993984 0.27953125 0.18796145921 1.33755853738 
85 0.329207934919 0.282254514744 0.190167790123 1.34097674442 
86 0.332385578108 0.285005116705 0.192369463796 1.344706662 
87 0.335633529781 0.287676770099 0.194927000929 1.34888439222 
88 0.338933341714 0.290633182352 0.197487734825 1.3529559781 
89 0.342806989089 0.293670218545 0.200352879246 1.3571944396 
90 0.346249065356 0.296645252478 0.203533493503 1.36156542494 
91 0.35016329178 0.300067095207 0.206722537538 1.36671457905 
92 0.354711048924 0.3037923979 0.21005490327 1.37209739205 
93 0.35970032074 0.307635180258 0.213414407539 1.37798319777 
94 0.365570622267 0.311963053092 0.21744924531 1.38570041795 
95 0.372470567998 0.31644408836 0.221900144529 1.39349897003 
96 0.379838951764 0.321704449351 0.226239980351 1.40342783132 
97 0.390251218499 0.327750741502 0.23166535168 1.41606651823 
98 0.405997389888 0.335734795458 0.238255885549 1.43473123625 
99 0.435247434731 0.349375 0.247534382022 1.47117630064 
100 1.57768336283 0.774172251261 0.547348429348 1.5979582477 
