percentile mlu lu90 lu50 ave_hop_count 
0 0.0846997118334 0.0119702967748 0.0 1.12448781529 
4 0.139381542497 0.105385346433 0.0051953125 1.33527733401 
9 0.155025586715 0.118882430613 0.0509539762043 1.35184497117 
14 0.166873588148 0.1291804741 0.0623841340475 1.36336859916 
19 0.176621042836 0.136975840068 0.08142125109 1.37262887523 
25 0.185946406714 0.14371880364 0.0953734583024 1.38009862175 
29 0.195515201796 0.150297787849 0.103376671562 1.38795964276 
34 0.205948881954 0.156862140124 0.110387701088 1.39665702394 
39 0.218951501809 0.16367999024 0.117274054033 1.4065644055 
44 0.234828091018 0.171980931922 0.124022397136 1.41822957927 
50 0.258533677015 0.18270856323 0.131547556418 1.4320430078 
54 0.297458712117 0.203005181839 0.141897367997 1.44601827863 
59 0.335385918675 0.230319371257 0.154482412256 1.45527133012 
64 0.362176827074 0.246820361091 0.166285847537 1.46114992523 
69 0.387968568285 0.26073449313 0.175944744026 1.46723928649 
75 0.417180571895 0.273164429225 0.185452702513 1.4736724284 
79 0.452383095747 0.285973868507 0.196940071903 1.48094124642 
84 0.49775043329 0.29904131896 0.210856936225 1.48950180745 
89 0.553529967707 0.314925290602 0.230717677708 1.49788782075 
94 0.630770714374 0.335395707565 0.252291438269 1.51394729987 
100 1.4435546875 0.937268849938 0.632859437476 1.65947026278 
