percentile mlu lu90 lu50 ave_hop_count 
0 0.028359375 0.028359375 0.0 1.03801203414 
4 0.088046875 0.088046875 0.0 1.08964901907 
9 0.1000390625 0.1000390625 0.0282091346154 1.10072360702 
14 0.1094921875 0.1094921875 0.0478365384615 1.10897072853 
19 0.118046875 0.118046875 0.063546875 1.11616969971 
25 0.124881889764 0.124881889764 0.0744375 1.12310245554 
29 0.131015625 0.131015625 0.08357421875 1.12956845656 
34 0.1369921875 0.1369921875 0.09263671875 1.13597432381 
39 0.143125 0.143125 0.101666666667 1.14229848409 
44 0.149603960396 0.149603960396 0.110484375 1.14867852082 
49 0.1580078125 0.1580078125 0.118984375 1.15526117034 
54 0.1713671875 0.1713671875 0.1275 1.16193101582 
59 0.197775590551 0.197775590551 0.136428571429 1.16880616904 
64 0.2151953125 0.2151953125 0.14615625 1.17605910282 
69 0.2296484375 0.2296484375 0.156257102273 1.18424547987 
74 0.243125 0.243125 0.168125 1.1930103772 
79 0.25703125 0.25703125 0.18 1.2033254251 
84 0.27078125 0.27078125 0.192307692308 1.21627441312 
89 0.2849609375 0.2849609375 0.206153846154 1.23472116581 
94 0.3028125 0.3028125 0.225009765625 1.26586045518 
100 0.693828125 0.693828125 0.693828125 1.51534260586 
