percentile mlu lu90 lu50 ave_hop_count 
0 0.0541547865214 0.0119341060002 0.0 1.1475559157 
4 0.134341835268 0.103688646814 0.0051953125 1.31954315645 
9 0.149676890432 0.118548366183 0.0415923087002 1.34160770888 
14 0.161737108355 0.129216280377 0.0612862443637 1.35643831551 
19 0.171054581926 0.138935810811 0.0780478241409 1.36832477011 
25 0.179467677696 0.14711170709 0.0911204098547 1.37811612523 
29 0.187479440789 0.154150340276 0.100363449201 1.3873170197 
34 0.195763796543 0.160778012976 0.107733271193 1.39517108474 
39 0.205129098176 0.167364588485 0.114975499158 1.40280931254 
44 0.217323320218 0.174471233444 0.122328844197 1.41085331001 
50 0.235994318182 0.182916146779 0.129646968624 1.41897318091 
54 0.266755153609 0.198878828382 0.137993265595 1.42670183279 
59 0.297357541712 0.22693422379 0.148609059207 1.43420636431 
64 0.319492852593 0.245572248005 0.160794223312 1.44143197034 
69 0.339557547766 0.260729767298 0.172648327808 1.44820356569 
75 0.359129048015 0.274930705455 0.184824381372 1.45506972977 
79 0.380448512801 0.288557476084 0.197268857738 1.46228016081 
84 0.4089453125 0.302451239224 0.211579978253 1.46941324285 
89 0.453654020949 0.317891017588 0.2293359375 1.47819920608 
94 0.52418016003 0.340456696596 0.249456841459 1.49475494345 
100 1.54977539063 1.22031906513 0.368275639449 1.67459460503 
