percentile mlu lu90 lu50 ave_hop_count 
0 0.0909462589595 0.0115201679977 0.0 1.26064977845 
4 0.146192092183 0.107691620524 0.00457149935047 1.33698727347 
9 0.1605698387 0.121280067563 0.0466657742968 1.35301150722 
14 0.171618257677 0.130956344449 0.0623674254913 1.36221157184 
19 0.181713731798 0.138427506911 0.0829992728843 1.37047531332 
25 0.191262474452 0.145068820401 0.0958775441404 1.37949044589 
29 0.201017914431 0.151395727998 0.10379332369 1.38838381909 
34 0.211918308009 0.157573742377 0.110830678937 1.39682373553 
39 0.225295830896 0.164546453896 0.117248772687 1.40529937777 
44 0.241463197011 0.172656620776 0.123839400919 1.4151596818 
49 0.265221512406 0.183750528546 0.131488260331 1.42805276852 
54 0.305587163396 0.203600473254 0.141356400535 1.43929942392 
59 0.34329422041 0.231292071808 0.154629738114 1.45034849282 
64 0.370796654305 0.247367551765 0.165865504486 1.45956825545 
69 0.397448904423 0.261788334302 0.175283798435 1.46758665313 
75 0.427167844139 0.274665679223 0.1855302228 1.47602422405 
79 0.464332026203 0.287104788214 0.197789164667 1.48246301742 
84 0.508236854161 0.300953763371 0.211132059421 1.48866533762 
89 0.561029801393 0.316304836732 0.230086660664 1.49470935198 
94 0.646922423614 0.3366753249 0.251509377793 1.50658628376 
100 2.55479064598 0.984005264623 0.621678410414 1.69943695261 
