percentile mlu lu90 lu50 ave_hop_count 
0 0.0861499305229 0.0114285714286 0.0 1.06264122979 
4 0.156001877505 0.108181818182 0.0119527025397 1.10551148884 
9 0.172683600305 0.123121332091 0.0321196468078 1.12203331995 
14 0.184876286656 0.13354371898 0.0482152924595 1.13010411515 
19 0.194850850747 0.142269843358 0.0640517537827 1.13759900315 
25 0.205327120747 0.15 0.0703872937248 1.14241675218 
29 0.216001629199 0.157996451484 0.0752782619522 1.14709166857 
34 0.227985601837 0.165443584933 0.0803387388063 1.15226242808 
39 0.241907250624 0.173404738823 0.0853023156937 1.15729864398 
44 0.262280755354 0.182710476672 0.0902105961679 1.16143958619 
50 0.299163661859 0.195 0.0950720368401 1.16584851641 
54 0.344347826087 0.226879715458 0.100127532878 1.17031860347 
59 0.377030471765 0.262811512441 0.105714285714 1.17507493995 
64 0.400504496613 0.28341690881 0.112222222222 1.18084718073 
69 0.420881696429 0.299207897832 0.119230769231 1.18600876477 
75 0.443105905272 0.312544142222 0.128111111111 1.19163096342 
79 0.469353498492 0.325555555556 0.140769230769 1.19894389864 
84 0.503213830581 0.339361367975 0.16 1.20794218851 
89 0.570951137646 0.354604736979 0.177810131048 1.22286587617 
94 0.754470769789 0.375403484651 0.194727711397 1.24908982578 
100 4.61981233822 0.848181818182 0.508842986222 1.70495410345 
