percentile mlu lu90 lu50 ave_hop_count 
0 0.073505304976 0.0153354123435 0.0 1.05851713608 
4 0.171893856722 0.121196420835 0.0 1.10964540156 
9 0.200845272013 0.146860792277 0.0 1.13546458372 
14 0.226564944787 0.167254869647 0.0007421875 1.15209688334 
19 0.253164737922 0.188839341762 0.00296875 1.1642406736 
25 0.276007918128 0.210539167456 0.0059375 1.18176628732 
29 0.295036917691 0.228846824185 0.0096484375 1.19376099702 
34 0.315062613636 0.246900531439 0.013359375 1.20463601605 
39 0.3376953125 0.2634765625 0.0185546875 1.21691646401 
44 0.36370977153 0.28055943504 0.0247277855213 1.23249553239 
50 0.395935030019 0.298359375 0.031171875 1.24419825751 
54 0.444276840905 0.316236930893 0.03859375 1.25305871436 
59 0.490291655563 0.333892765415 0.0482421875 1.26158984833 
64 0.52278376124 0.352616619582 0.0586328125 1.27061386396 
69 0.551012503175 0.374384804608 0.066796875 1.28077718108 
75 0.577421875 0.3955859375 0.0749609375 1.30056056316 
79 0.60265625 0.415823035133 0.083125 1.32783752393 
84 0.633536682522 0.436745366454 0.09203125 1.34767007887 
89 0.669453125 0.463125 0.1009375 1.37208643845 
94 0.729551328744 0.497998869581 0.111328125 1.42140998783 
100 1.73128334968 1.43316640254 0.17515625 1.54907378338 
