percentile mlu lu90 lu50 ave_hop_count 
0 0.0719926888904 0.0369790146791 0.0 1.07941219524 
4 0.117913051668 0.0809707700688 0.0 1.24335731865 
9 0.134679062779 0.0937811734662 0.0 1.26014571116 
14 0.147576912863 0.1046484375 0.0 1.2691688563 
19 0.156925924887 0.112385831124 0.0 1.27712918398 
25 0.165693430099 0.119185710212 0.0 1.28855495269 
29 0.173282275247 0.125242793718 0.0 1.30038077009 
34 0.18060321212 0.130483356502 0.0007421875 1.31227964114 
39 0.187134576972 0.135522664517 0.001484375 1.32206193939 
44 0.193281428552 0.140352008996 0.0022265625 1.33199510566 
50 0.19926237772 0.145244927209 0.0037109375 1.34329235588 
54 0.20523842634 0.14981814247 0.007421875 1.35342820411 
59 0.211558795334 0.154375 0.00890625 1.36438313975 
64 0.218437979907 0.158919141915 0.011875 1.37691960545 
69 0.226057159869 0.16374381054 0.0155859375 1.39330914169 
75 0.234295613108 0.169123618294 0.0185546875 1.42002955303 
79 0.244967248963 0.175102119257 0.0204064789122 1.44207235058 
84 0.260571076481 0.182728525115 0.0224383225869 1.46091962422 
89 0.286912944048 0.192291679317 0.0274609375 1.47605657749 
94 0.33194682565 0.20591480086 0.0393359375 1.49375537405 
100 1.3003031821 0.323363959962 0.069765625 1.54962147306 
