percentile mlu lu90 lu50 ave_hop_count 
0 0.108691565669 0.0239517625232 0.0 1.10323054506 
4 0.339805775046 0.216666666667 0.0 1.16949899335 
9 0.397215909091 0.256680879972 0.0 1.19631070473 
14 0.458762886598 0.278913892663 0.0 1.35304951172 
19 0.4875 0.296152113794 0.0 1.39269060927 
25 0.508830917874 0.311726482632 0.0 1.42577219217 
29 0.528384463833 0.327151505433 0.00125438596491 1.45414519657 
34 0.547609589041 0.343228977939 0.00285714285714 1.48260180002 
39 0.565790245203 0.359213030693 0.00444444444444 1.50828012461 
44 0.583718749073 0.37459346991 0.00888888888889 1.53071743347 
50 0.602216267339 0.390526315789 0.0170967741935 1.55176381802 
54 0.621015948963 0.406233226995 0.0338461538462 1.57117457224 
59 0.641108492663 0.421257720382 0.0510526315789 1.5891022338 
64 0.662840873537 0.436907927628 0.0607345485273 1.6061777821 
69 0.686962939162 0.453851412989 0.06875 1.62338507847 
75 0.714698566567 0.472948029321 0.0763636363636 1.64227961773 
79 0.753550570641 0.494166666667 0.086 1.66253283216 
84 0.814224423767 0.519376653439 0.100344827586 1.68368120633 
89 0.962696086481 0.553760348584 0.185454545455 1.70908986995 
94 1.59122540648 0.613263400745 0.214229133154 1.74483553675 
100 inf 1.13318181818 0.298940394603 1.89938084806 
