percentile mlu lu90 lu50 ave_hop_count 
0 0.0749569669185 0.0111586147784 0.0 1.2355008481 
4 0.137516174391 0.103891101306 0.004453125 1.33550317511 
9 0.153162768699 0.117212213348 0.0496001515398 1.35203149805 
14 0.164459391679 0.127789079725 0.0628088815246 1.36235401508 
19 0.173557125222 0.135865045277 0.0811843788397 1.37176755894 
25 0.182938234501 0.142903403323 0.0949706203172 1.38053292901 
29 0.19225568014 0.149464105706 0.103404101053 1.38894799783 
34 0.202114016217 0.156217242048 0.110531954299 1.39678713808 
39 0.213101432975 0.163409432242 0.117125708971 1.40520054367 
44 0.227615958984 0.171837497229 0.123678001664 1.41542411238 
49 0.249487627965 0.181848448321 0.131208768773 1.4288026729 
54 0.288693661829 0.19836557554 0.141515920327 1.44292513289 
59 0.326058798355 0.227293715614 0.154461015655 1.4514306809 
64 0.353481030782 0.244390861244 0.166479934643 1.45836756035 
69 0.378651590768 0.258390105191 0.177095371174 1.46492601461 
74 0.406423066993 0.271712237038 0.187700580014 1.47111487287 
79 0.439082905276 0.284347051928 0.199149042386 1.47729132757 
84 0.482080915041 0.297758558526 0.213171336828 1.48375156911 
89 0.532366267169 0.312958325036 0.231742930754 1.49117775547 
94 0.613097804549 0.333361420998 0.253678614707 1.50732907755 
100 1.79635594348 0.916980388386 0.622758209071 1.6401831463 
