percentile mlu lu90 lu50 ave_hop_count 
0 0.05671875 0.019375 0.00859375 2.0 
1 0.13078125 0.119609375 0.013046875 2.0 
2 0.148828125 0.136484375 0.014375 2.0 
3 0.15921875 0.1459375 0.017421875 2.0 
4 0.1678125 0.152734375 0.02109375 2.0 
5 0.1740625 0.1584375 0.025546875 2.0 
6 0.179921875 0.163671875 0.04109375 2.0 
7 0.184921875 0.168203125 0.064375 2.0 
8 0.19 0.17296875 0.073203125 2.0 
9 0.194375 0.177421875 0.078046875 2.0 
10 0.19859375 0.1815625 0.08171875 2.0 
11 0.202578125 0.185703125 0.085859375 2.0 
12 0.20625 0.1896875 0.09015625 2.0 
13 0.21015625 0.19359375 0.09421875 2.0 
14 0.21390625 0.197421875 0.098359375 2.0 
15 0.2175 0.2009375 0.10328125 2.0 
16 0.22125 0.204375 0.10765625 2.0 
17 0.225078125 0.207890625 0.11171875 2.0 
18 0.22859375 0.21125 0.11515625 2.0 
19 0.231875 0.214453125 0.118828125 2.0 
20 0.235 0.217421875 0.122265625 2.0 
21 0.2378125 0.220703125 0.125703125 2.0 
22 0.240546875 0.223671875 0.129140625 2.0 
23 0.243359375 0.226484375 0.132109375 2.0 
24 0.24609375 0.22921875 0.135078125 2.0 
25 0.248671875 0.231953125 0.13765625 2.0 
26 0.25140625 0.23453125 0.13984375 2.0 
27 0.2540625 0.237109375 0.141953125 2.0 
28 0.256484375 0.23953125 0.143828125 2.0 
28 0.256484375 0.23953125 0.143828125 2.0 
30 0.261171875 0.244140625 0.1478125 2.0 
31 0.263515625 0.24640625 0.1496875 2.0 
32 0.265859375 0.24875 0.15140625 2.0 
33 0.268125 0.251015625 0.153125 2.0 
34 0.270546875 0.25328125 0.154765625 2.0 
35 0.273046875 0.255703125 0.15640625 2.0 
36 0.275546875 0.258046875 0.158203125 2.0 
37 0.277890625 0.260390625 0.16 2.0 
38 0.28046875 0.26296875 0.161875 2.0 
39 0.283046875 0.2653125 0.1640625 2.0 
40 0.285390625 0.2678125 0.16625 2.0 
41 0.2878125 0.270390625 0.168515625 2.0 
42 0.290390625 0.273046875 0.170703125 2.0 
43 0.29296875 0.2759375 0.17296875 2.0 
44 0.295703125 0.278671875 0.17546875 2.0 
45 0.298359375 0.281484375 0.178046875 2.0 
46 0.301328125 0.283984375 0.180625 2.0 
47 0.304453125 0.286953125 0.183125 2.0 
48 0.3078125 0.289921875 0.1859375 2.0 
49 0.311328125 0.293203125 0.188828125 2.0 
50 0.315 0.296796875 0.191875 2.0 
51 0.31875 0.300078125 0.19515625 2.0 
52 0.32359375 0.303671875 0.19859375 2.0 
53 0.328671875 0.308125 0.202265625 2.0 
54 0.334609375 0.312578125 0.206171875 2.0 
55 0.340859375 0.317578125 0.2103125 2.0 
56 0.34859375 0.32328125 0.214375 2.0 
56 0.34859375 0.32328125 0.214375 2.0 
57 0.35828125 0.3290625 0.218203125 2.0 
59 0.38265625 0.3421875 0.226640625 2.0 
60 0.393203125 0.348984375 0.23015625 2.0 
61 0.402109375 0.355234375 0.233359375 2.0 
62 0.40984375 0.361015625 0.236796875 2.0 
63 0.416640625 0.367109375 0.23984375 2.0 
64 0.423046875 0.3725 0.242734375 2.0 
65 0.429296875 0.37734375 0.245625 2.0 
66 0.434921875 0.38203125 0.24859375 2.0 
67 0.440859375 0.387109375 0.251171875 2.0 
68 0.44640625 0.391796875 0.25390625 2.0 
69 0.45265625 0.395703125 0.256484375 2.0 
70 0.45828125 0.39953125 0.259375 2.0 
71 0.463984375 0.40375 0.2621875 2.0 
72 0.469453125 0.4075 0.2646875 2.0 
73 0.474609375 0.411484375 0.26734375 2.0 
74 0.480078125 0.415390625 0.270234375 2.0 
75 0.48546875 0.41953125 0.2728125 2.0 
76 0.490859375 0.423671875 0.27578125 2.0 
77 0.496640625 0.427734375 0.27859375 2.0 
78 0.5025 0.431640625 0.2815625 2.0 
79 0.507890625 0.43546875 0.284609375 2.0 
80 0.5134375 0.4396875 0.287734375 2.0 
81 0.51921875 0.4434375 0.290859375 2.0 
82 0.524296875 0.4478125 0.294140625 2.0 
83 0.53015625 0.452109375 0.2971875 2.0 
84 0.535703125 0.4565625 0.300390625 2.0 
85 0.541015625 0.46078125 0.30375 2.0 
86 0.5465625 0.465234375 0.307734375 2.0 
87 0.55203125 0.469921875 0.31171875 2.0 
88 0.558046875 0.47453125 0.316015625 2.0 
89 0.563515625 0.479453125 0.32125 2.0 
90 0.56953125 0.484375 0.326484375 2.0 
91 0.576171875 0.48921875 0.331875 2.0 
92 0.582734375 0.4946875 0.338046875 2.0 
93 0.58953125 0.500546875 0.34515625 2.0 
94 0.596953125 0.506796875 0.352890625 2.0 
95 0.60546875 0.514453125 0.361015625 2.0 
96 0.615 0.524140625 0.369921875 2.0 
97 0.62765625 0.534609375 0.378984375 2.0 
98 0.64546875 0.54875 0.390078125 2.0 
99 0.672421875 0.57125 0.40359375 2.0 
100 1.38765625 1.3478125 0.975859375 2.0 
