percentile mlu lu90 lu50 ave_hop_count 
0 0.166666666667 0.025646743862 0.0 1.03725418222 
4 0.409297633025 0.184115804211 0.0 1.06631431146 
9 0.5275 0.233102681464 0.0 1.12062504947 
14 0.590127074399 0.266417470632 0.0 1.44707081297 
19 0.632301256278 0.29 0.0 1.47565423242 
25 0.67 0.308495965925 0.0 1.54383632539 
29 0.70521402625 0.325067081663 0.0 1.56729491556 
34 0.738091041415 0.342857142857 0.0 1.58116703751 
39 0.771970345805 0.363703623799 0.0 1.59410725996 
44 0.81 0.386820976159 0.00157894736842 1.60410034698 
50 0.857909047938 0.408363020714 0.0048 1.61242520615 
54 0.916921238114 0.429553210789 0.01 1.62111677175 
59 0.989219397045 0.452099934411 0.0154285714286 1.62838996221 
64 1.09385877857 0.476829268293 0.0268181818182 1.63509601798 
69 1.23924263807 0.503084377416 0.0446666666667 1.64252326584 
75 1.53031687472 0.530934210959 0.06 1.65001637712 
79 2.00274141933 0.560044590963 0.0770588235294 1.66349378267 
84 2.88358510156 0.591153848029 0.0991666666667 1.68097172514 
89 6.44817120709 0.627272727273 0.172666326194 1.70022498712 
94 10.9345947963 0.70794735176 0.21339245311 1.72068572144 
100 inf 2.31333333333 0.307035628302 1.79816866836 
