percentile mlu lu90 lu50 ave_hop_count 
0 0.075703125 0.014820774346 0.0 1.06730597858 
4 0.176972867278 0.122936844876 0.0 1.11377674392 
9 0.206328125 0.148634508882 0.0007421875 1.14696458445 
14 0.232618121268 0.169427758958 0.001484375 1.15728731005 
19 0.259469172099 0.192667133135 0.0051953125 1.1683253257 
25 0.285524304264 0.214040744568 0.00890625 1.18425338795 
29 0.306879870721 0.233046875 0.0126171875 1.19435101889 
34 0.326647336959 0.250444037401 0.0185546875 1.20608778694 
39 0.345478747713 0.268356535851 0.0258211657711 1.21777072201 
44 0.366867023253 0.28497712739 0.0319140625 1.22624461911 
49 0.396239355875 0.301921226253 0.0363671875 1.23635314405 
54 0.44828125 0.3183984375 0.0422401961376 1.2479528105 
59 0.495705113522 0.335971639857 0.0494039405332 1.261790132 
64 0.532259765326 0.354635421652 0.0562560147887 1.27807939233 
69 0.562329014699 0.375902725941 0.0630859375 1.29458531039 
75 0.591014390558 0.397450151218 0.072734375 1.31175181664 
79 0.618312500914 0.418288966107 0.0815143526849 1.32993050277 
84 0.651433068536 0.442108180889 0.0898046875 1.34827100194 
89 0.690471108896 0.469151032818 0.09796875 1.36517673815 
94 0.759496776548 0.505407531321 0.11149560771 1.39877580427 
100 1.78167236109 1.25846694102 0.3228515625 1.53632492765 
