percentile mlu lu90 lu50 ave_hop_count 
0 0.0547556368333 0.0116 0.0 1.05453624162 
4 0.135344323182 0.107711058782 0.0105655025052 1.09580859764 
9 0.150714285714 0.121560585024 0.029030973072 1.10823680722 
14 0.162379666527 0.132416090398 0.0481848312021 1.11685765303 
19 0.171410333188 0.140743455015 0.0601621469058 1.12530895984 
25 0.179229415323 0.147824619869 0.0671428571429 1.13252855312 
29 0.186861728683 0.154047931784 0.0734135818562 1.13870787728 
34 0.194925073865 0.160112524876 0.0794921875 1.14504832195 
39 0.204914265824 0.166441671806 0.0861309818747 1.1516530854 
44 0.218748895913 0.173956391861 0.0928884982281 1.15826197235 
50 0.24265813253 0.183820981988 0.100736577181 1.16470084868 
54 0.276217447917 0.204225431743 0.11229309745 1.17135056536 
59 0.304555428301 0.228011935363 0.127052426891 1.17858219553 
64 0.325707082498 0.244190864171 0.137836547312 1.18561214449 
69 0.345236941694 0.258387576665 0.146930036654 1.19308467531 
75 0.365121876173 0.271741517705 0.15625 1.20186547836 
79 0.386978577489 0.284634310934 0.167068772223 1.2118767881 
84 0.41770442069 0.297967125986 0.179452267435 1.22426522586 
89 0.465064333528 0.312885645499 0.195173205457 1.24283415035 
94 0.556666666667 0.334006584025 0.214213918538 1.27328877456 
100 5.8542828341 0.970606060606 0.280791330645 1.52001739362 
