percentile mlu lu90 lu50 ave_hop_count 
0 0.0904308241191 0.0113658913127 0.0 1.08029775166 
4 0.146438050672 0.106081651009 0.0153846153846 1.10080417747 
9 0.163577047001 0.119110953254 0.029431018279 1.11029446695 
14 0.175955257931 0.129172432161 0.0505432231564 1.11686938065 
19 0.187708090686 0.136702015053 0.064518378304 1.12113631993 
25 0.199758975158 0.14355505851 0.0710729590089 1.13204425793 
29 0.212897237263 0.15 0.0777692366779 1.13782563355 
34 0.229248447984 0.156108563935 0.0842511988018 1.14322032098 
39 0.252617679057 0.162746209505 0.0905555555556 1.14907542889 
44 0.28700140114 0.170524062268 0.0965732901099 1.15551378244 
50 0.324151478485 0.181323312814 0.10275862069 1.16137967268 
54 0.355802922141 0.203779516088 0.111538461538 1.16515502061 
59 0.385031265286 0.2277190556 0.125641638855 1.16856472135 
64 0.416521206695 0.243039744839 0.137272727273 1.17216766383 
69 0.453648619016 0.257142857143 0.145874425746 1.17747685681 
75 0.499649235699 0.270450136469 0.154615384615 1.18489520657 
79 0.553627636737 0.282990082671 0.165333333333 1.19571794777 
84 0.62 0.295761014979 0.178461538462 1.20766694417 
89 0.738571428571 0.31075510769 0.196 1.23472980905 
94 1.23222946648 0.329863524896 0.214615384615 1.31190847189 
100 7.2719557677 0.892818346635 0.464856246214 1.57449301916 
