percentile mlu lu90 lu50 ave_hop_count 
0 0.0776470588235 0.0110393299628 0.0 1.04792650576 
4 0.129235733982 0.0979604449213 0.0387887796445 1.11992807497 
9 0.143547605254 0.110314401623 0.05032607629 1.12958671124 
14 0.154545454545 0.120798838817 0.0643054584763 1.13720251851 
19 0.163566674805 0.129228418149 0.0757360443729 1.1471502001 
25 0.17236305456 0.136072714773 0.0826200789312 1.15512069625 
29 0.181459855448 0.142674355997 0.0879120401155 1.16197550132 
34 0.191196990941 0.149392921224 0.0930345523892 1.16732273261 
39 0.202273992498 0.156205306127 0.0984179001472 1.17417390739 
44 0.217572964034 0.164131737025 0.104530518537 1.18187299281 
50 0.246385077466 0.174080899447 0.11168193175 1.18949223203 
54 0.291376144846 0.193979887663 0.120466948429 1.19648303543 
59 0.322938946211 0.222729861262 0.130386058198 1.20340465834 
64 0.346341186155 0.237119546605 0.139125420471 1.21014578983 
69 0.369360072383 0.248937215428 0.146858213805 1.21853736564 
75 0.393393889804 0.260316404804 0.155246836113 1.2268578165 
79 0.423336038871 0.272066903904 0.163968501393 1.2348193972 
84 0.461602678265 0.284998343358 0.175179585498 1.24809061623 
89 0.514550663714 0.299472155844 0.19 1.27401996786 
94 0.599687654017 0.318922143965 0.209389400922 1.31354315713 
100 1.4218748875 0.811844013957 0.491683887084 1.50164582805 
