percentile mlu lu90 lu50 ave_hop_count 
0 0.0578291441553 0.0169477104124 0.0 1.01143035998 
4 0.146953125 0.113835513818 0.0 1.10797607552 
9 0.178935108118 0.136914041029 0.0 1.13194419258 
14 0.209331108417 0.161255688084 0.0007421875 1.14919588245 
19 0.235275679013 0.185866355409 0.001484375 1.16371985327 
25 0.259912175945 0.206844695879 0.0037109375 1.17658846983 
29 0.282978093422 0.226172678652 0.007421875 1.19014554769 
34 0.304406466829 0.243758337252 0.010390625 1.20231886217 
39 0.324631835809 0.261528347588 0.0155859375 1.21472312265 
44 0.345517402029 0.27865728509 0.02078125 1.22641364217 
50 0.372169284763 0.296061492667 0.0273351938275 1.23716215347 
54 0.411160088617 0.314243955885 0.0348828125 1.24794429434 
59 0.455028385411 0.333247658955 0.0437890625 1.25931163284 
64 0.488804152166 0.353482479455 0.0534375 1.27036154276 
69 0.517155135597 0.374058034343 0.0630859375 1.2832861993 
75 0.542344537623 0.39500026689 0.07125 1.29616581075 
79 0.568626866976 0.416907890652 0.08015625 1.31219180647 
84 0.598350181503 0.43856295791 0.0890625 1.33464868997 
89 0.637037682904 0.465653640826 0.09796875 1.3695205213 
94 0.699843403125 0.501918600945 0.1091015625 1.4408870957 
100 1.87607661715 1.36447063205 0.1669921875 1.62969781285 
