percentile mlu lu90 lu50 ave_hop_count 
0 0.0298828125 0.0298828125 0.0 1.0960246058 
4 0.06953125 0.0549054627037 0.0 1.14381421046 
9 0.077421875 0.0637820884457 0.0 1.15411554376 
14 0.0831640625 0.0717847690727 0.0 1.16172496417 
19 0.0872265625 0.0771522847295 0.0 1.1689332057 
25 0.090625 0.0826953125 0.0 1.17550615107 
29 0.093828125 0.0870403580833 0.0 1.18176031107 
34 0.0970703125 0.0907421875 0.0034964541627 1.18867323256 
39 0.1001171875 0.094296875 0.00828829771785 1.19625914157 
44 0.102890625 0.0981640625 0.0131559340464 1.20452712231 
49 0.105859375 0.101484375 0.0173115395341 1.21387862848 
54 0.10921875 0.1048828125 0.0214695219198 1.223265617 
59 0.1125390625 0.108671875 0.026763420117 1.23348731172 
64 0.1162109375 0.112836221169 0.0318000607822 1.24341800088 
69 0.120182156975 0.117265625 0.0373985220538 1.2532963098 
74 0.1247265625 0.122366083836 0.044550949442 1.26345956334 
79 0.13067162387 0.128359375 0.0533381543947 1.27434539966 
84 0.1373828125 0.135234375 0.0625364280493 1.28597789195 
89 0.145703125 0.1434765625 0.0739557050768 1.3011227809 
94 0.15796875 0.155952231779 0.0890234375 1.32283519788 
100 0.2618359375 0.2618359375 0.157578125 1.4534848203 
