percentile mlu lu90 lu50 ave_hop_count 
0 0.0308467741935 0.0225862068966 0.0 1.02824489612 
4 0.0957421875 0.0957421875 0.0 1.05829434439 
9 0.108828125 0.108828125 0.00576822916667 1.06743371128 
14 0.118728070175 0.118728070175 0.0233333333333 1.07476477324 
19 0.125838150289 0.125838150289 0.0557647058824 1.0814832584 
25 0.1319140625 0.1319140625 0.0702083333333 1.08766997854 
29 0.137734375 0.137734375 0.0783984375 1.09381629645 
34 0.14359375 0.14359375 0.0852941176471 1.09963722149 
39 0.149487179487 0.149487179487 0.092 1.10550360967 
44 0.156933333333 0.156933333333 0.0991666666667 1.11128004832 
50 0.167931034483 0.167931034483 0.106944444444 1.11744649042 
54 0.188359375 0.188359375 0.115803571429 1.12383463294 
59 0.210546875 0.210546875 0.125625 1.13054354694 
64 0.22734375 0.22734375 0.135102539062 1.13777748684 
69 0.24203125 0.2419921875 0.144678571429 1.14559463479 
75 0.25625 0.256171875 0.1547484375 1.15480008539 
79 0.269734042553 0.2696875 0.166666666667 1.16546724981 
84 0.2838671875 0.2837890625 0.180588235294 1.17958900617 
89 0.301171875 0.301015625 0.198252840909 1.20117440792 
94 0.3301171875 0.329820359281 0.22 1.2464991162 
100 1.68470588235 1.0625748503 0.296 1.75085702414 
