percentile mlu lu90 lu50 ave_hop_count 
0 0.047265625 0.0161458333333 0.00716145833333 2.0 
1 0.108984375 0.0996744791667 0.0108723958333 2.0 
2 0.1240234375 0.113736979167 0.0119791666667 2.0 
3 0.132682291667 0.121614583333 0.0145182291667 2.0 
4 0.13984375 0.127278645833 0.017578125 2.0 
5 0.145052083333 0.13203125 0.0212890625 2.0 
6 0.149934895833 0.136393229167 0.0342447916667 2.0 
7 0.1541015625 0.140169270833 0.0536458333333 2.0 
8 0.158333333333 0.144140625 0.0610026041667 2.0 
9 0.161979166667 0.1478515625 0.0650390625 2.0 
10 0.165494791667 0.151302083333 0.0680989583333 2.0 
11 0.168815104167 0.154752604167 0.0715494791667 2.0 
12 0.171875 0.158072916667 0.0751302083333 2.0 
13 0.175130208333 0.161328125 0.078515625 2.0 
14 0.178255208333 0.164518229167 0.0819661458333 2.0 
15 0.18125 0.167447916667 0.0860677083333 2.0 
16 0.184375 0.1703125 0.0897135416667 2.0 
17 0.187565104167 0.1732421875 0.0930989583333 2.0 
18 0.190494791667 0.176041666667 0.0959635416667 2.0 
19 0.193229166667 0.1787109375 0.0990234375 2.0 
20 0.195833333333 0.181184895833 0.101888020833 2.0 
21 0.198177083333 0.183919270833 0.104752604167 2.0 
22 0.200455729167 0.186393229167 0.1076171875 2.0 
23 0.202799479167 0.188736979167 0.110091145833 2.0 
24 0.205078125 0.191015625 0.112565104167 2.0 
25 0.2072265625 0.193294270833 0.114713541667 2.0 
26 0.209505208333 0.195442708333 0.116536458333 2.0 
27 0.21171875 0.197591145833 0.118294270833 2.0 
28 0.213736979167 0.199609375 0.119856770833 2.0 
28 0.213736979167 0.199609375 0.119856770833 2.0 
30 0.217643229167 0.203450520833 0.123177083333 2.0 
31 0.219596354167 0.205338541667 0.124739583333 2.0 
32 0.221549479167 0.207291666667 0.126171875 2.0 
33 0.2234375 0.2091796875 0.127604166667 2.0 
34 0.225455729167 0.211067708333 0.128971354167 2.0 
35 0.2275390625 0.2130859375 0.130338541667 2.0 
36 0.229622395833 0.2150390625 0.1318359375 2.0 
37 0.231575520833 0.2169921875 0.133333333333 2.0 
38 0.233723958333 0.219140625 0.134895833333 2.0 
39 0.235872395833 0.22109375 0.13671875 2.0 
40 0.237825520833 0.223177083333 0.138541666667 2.0 
41 0.23984375 0.225325520833 0.1404296875 2.0 
42 0.2419921875 0.2275390625 0.142252604167 2.0 
43 0.244140625 0.229947916667 0.144140625 2.0 
44 0.246419270833 0.2322265625 0.146223958333 2.0 
45 0.2486328125 0.2345703125 0.148372395833 2.0 
46 0.251106770833 0.236653645833 0.150520833333 2.0 
47 0.2537109375 0.239127604167 0.152604166667 2.0 
48 0.256510416667 0.2416015625 0.154947916667 2.0 
49 0.259440104167 0.2443359375 0.157356770833 2.0 
50 0.2625 0.247330729167 0.159895833333 2.0 
51 0.265625 0.250065104167 0.162630208333 2.0 
52 0.269661458333 0.253059895833 0.165494791667 2.0 
53 0.273893229167 0.256770833333 0.1685546875 2.0 
54 0.278841145833 0.260481770833 0.171809895833 2.0 
55 0.284049479167 0.2646484375 0.175260416667 2.0 
56 0.290494791667 0.269401041667 0.178645833333 2.0 
56 0.290494791667 0.269401041667 0.178645833333 2.0 
57 0.298567708333 0.27421875 0.1818359375 2.0 
59 0.318880208333 0.28515625 0.1888671875 2.0 
60 0.327669270833 0.2908203125 0.191796875 2.0 
61 0.335091145833 0.296028645833 0.194466145833 2.0 
62 0.341536458333 0.300846354167 0.197330729167 2.0 
63 0.347200520833 0.305924479167 0.199869791667 2.0 
64 0.3525390625 0.310416666667 0.202278645833 2.0 
65 0.357747395833 0.314453125 0.2046875 2.0 
66 0.362434895833 0.318359375 0.207161458333 2.0 
67 0.3673828125 0.322591145833 0.209309895833 2.0 
68 0.372005208333 0.326497395833 0.211588541667 2.0 
69 0.377213541667 0.329752604167 0.213736979167 2.0 
70 0.381901041667 0.332942708333 0.216145833333 2.0 
71 0.386653645833 0.336458333333 0.218489583333 2.0 
72 0.3912109375 0.339583333333 0.220572916667 2.0 
73 0.3955078125 0.342903645833 0.222786458333 2.0 
74 0.400065104167 0.346158854167 0.2251953125 2.0 
75 0.404557291667 0.349609375 0.22734375 2.0 
76 0.409049479167 0.353059895833 0.229817708333 2.0 
77 0.4138671875 0.3564453125 0.232161458333 2.0 
78 0.41875 0.359700520833 0.234635416667 2.0 
79 0.4232421875 0.362890625 0.237174479167 2.0 
80 0.427864583333 0.36640625 0.239778645833 2.0 
81 0.432682291667 0.36953125 0.2423828125 2.0 
82 0.4369140625 0.373177083333 0.2451171875 2.0 
83 0.441796875 0.3767578125 0.24765625 2.0 
84 0.446419270833 0.38046875 0.250325520833 2.0 
85 0.450846354167 0.383984375 0.253125 2.0 
86 0.45546875 0.3876953125 0.2564453125 2.0 
87 0.460026041667 0.3916015625 0.259765625 2.0 
88 0.4650390625 0.395442708333 0.263346354167 2.0 
89 0.469596354167 0.399544270833 0.267708333333 2.0 
90 0.474609375 0.403645833333 0.2720703125 2.0 
91 0.480143229167 0.407682291667 0.2765625 2.0 
92 0.485611979167 0.412239583333 0.281705729167 2.0 
93 0.491276041667 0.417122395833 0.287630208333 2.0 
94 0.4974609375 0.422330729167 0.294075520833 2.0 
95 0.504557291667 0.4287109375 0.300846354167 2.0 
96 0.5125 0.436783854167 0.308268229167 2.0 
97 0.523046875 0.4455078125 0.3158203125 2.0 
98 0.537890625 0.457291666667 0.325065104167 2.0 
99 0.5603515625 0.476041666667 0.336328125 2.0 
100 1.15638020833 1.12317708333 0.813216145833 2.0 
