percentile mlu lu90 lu50 ave_hop_count 
0 0.0854117647059 0.0291764705882 0.0129411764706 2.0 
1 0.196941176471 0.180117647059 0.0196470588235 2.0 
2 0.224117647059 0.205529411765 0.0216470588235 2.0 
3 0.239764705882 0.219764705882 0.0262352941176 2.0 
4 0.252705882353 0.23 0.0317647058824 2.0 
5 0.262117647059 0.238588235294 0.0384705882353 2.0 
6 0.270941176471 0.246470588235 0.0618823529412 2.0 
7 0.278470588235 0.253294117647 0.0969411764706 2.0 
8 0.286117647059 0.260470588235 0.110235294118 2.0 
9 0.292705882353 0.267176470588 0.117529411765 2.0 
10 0.299058823529 0.273411764706 0.123058823529 2.0 
11 0.305058823529 0.279647058824 0.129294117647 2.0 
12 0.310588235294 0.285647058824 0.135764705882 2.0 
13 0.316470588235 0.291529411765 0.141882352941 2.0 
14 0.322117647059 0.297294117647 0.148117647059 2.0 
15 0.327529411765 0.302588235294 0.155529411765 2.0 
16 0.333176470588 0.307764705882 0.162117647059 2.0 
17 0.338941176471 0.313058823529 0.168235294118 2.0 
18 0.344235294118 0.318117647059 0.173411764706 2.0 
19 0.349176470588 0.322941176471 0.178941176471 2.0 
20 0.353882352941 0.327411764706 0.184117647059 2.0 
21 0.358117647059 0.332352941176 0.189294117647 2.0 
22 0.362235294118 0.336823529412 0.194470588235 2.0 
23 0.366470588235 0.341058823529 0.198941176471 2.0 
24 0.370588235294 0.345176470588 0.203411764706 2.0 
25 0.374470588235 0.349294117647 0.207294117647 2.0 
26 0.378588235294 0.353176470588 0.210588235294 2.0 
27 0.382588235294 0.357058823529 0.213764705882 2.0 
28 0.386235294118 0.360705882353 0.216588235294 2.0 
28 0.386235294118 0.360705882353 0.216588235294 2.0 
30 0.393294117647 0.367647058824 0.222588235294 2.0 
31 0.396823529412 0.371058823529 0.225411764706 2.0 
32 0.400352941176 0.374588235294 0.228 2.0 
33 0.403764705882 0.378 0.230588235294 2.0 
34 0.407411764706 0.381411764706 0.233058823529 2.0 
35 0.411176470588 0.385058823529 0.235529411765 2.0 
36 0.414941176471 0.388588235294 0.238235294118 2.0 
37 0.418470588235 0.392117647059 0.240941176471 2.0 
38 0.422352941176 0.396 0.243764705882 2.0 
39 0.426235294118 0.399529411765 0.247058823529 2.0 
40 0.429764705882 0.403294117647 0.250352941176 2.0 
41 0.433411764706 0.407176470588 0.253764705882 2.0 
42 0.437294117647 0.411176470588 0.257058823529 2.0 
43 0.441176470588 0.415529411765 0.260470588235 2.0 
44 0.445294117647 0.419647058824 0.264235294118 2.0 
45 0.449294117647 0.423882352941 0.268117647059 2.0 
46 0.453764705882 0.427647058824 0.272 2.0 
47 0.458470588235 0.432117647059 0.275764705882 2.0 
48 0.463529411765 0.436588235294 0.28 2.0 
49 0.468823529412 0.441529411765 0.284352941176 2.0 
50 0.474352941176 0.446941176471 0.288941176471 2.0 
51 0.48 0.451882352941 0.293882352941 2.0 
52 0.487294117647 0.457294117647 0.299058823529 2.0 
53 0.494941176471 0.464 0.304588235294 2.0 
54 0.503882352941 0.470705882353 0.310470588235 2.0 
55 0.513294117647 0.478235294118 0.316705882353 2.0 
56 0.524941176471 0.486823529412 0.322823529412 2.0 
56 0.524941176471 0.486823529412 0.322823529412 2.0 
57 0.539529411765 0.495529411765 0.328588235294 2.0 
59 0.576235294118 0.515294117647 0.341294117647 2.0 
60 0.592117647059 0.525529411765 0.346588235294 2.0 
61 0.605529411765 0.534941176471 0.351411764706 2.0 
62 0.617176470588 0.543647058824 0.356588235294 2.0 
63 0.627411764706 0.552823529412 0.361176470588 2.0 
64 0.637058823529 0.560941176471 0.365529411765 2.0 
65 0.646470588235 0.568235294118 0.369882352941 2.0 
66 0.654941176471 0.575294117647 0.374352941176 2.0 
67 0.663882352941 0.582941176471 0.378235294118 2.0 
68 0.672235294118 0.59 0.382352941176 2.0 
69 0.681647058824 0.595882352941 0.386235294118 2.0 
70 0.690117647059 0.601647058824 0.390588235294 2.0 
71 0.698705882353 0.608 0.394823529412 2.0 
72 0.706941176471 0.613647058824 0.398588235294 2.0 
73 0.714705882353 0.619647058824 0.402588235294 2.0 
74 0.722941176471 0.625529411765 0.406941176471 2.0 
75 0.731058823529 0.631764705882 0.410823529412 2.0 
76 0.739176470588 0.638 0.415294117647 2.0 
77 0.747882352941 0.644117647059 0.419529411765 2.0 
78 0.756705882353 0.65 0.424 2.0 
79 0.764823529412 0.655764705882 0.428588235294 2.0 
80 0.773176470588 0.662117647059 0.433294117647 2.0 
81 0.781882352941 0.667764705882 0.438 2.0 
82 0.789529411765 0.674352941176 0.442941176471 2.0 
83 0.798352941176 0.680823529412 0.447529411765 2.0 
84 0.806705882353 0.687529411765 0.452352941176 2.0 
85 0.814705882353 0.693882352941 0.457411764706 2.0 
86 0.823058823529 0.700588235294 0.463411764706 2.0 
87 0.831294117647 0.707647058824 0.469411764706 2.0 
88 0.840352941176 0.714588235294 0.475882352941 2.0 
89 0.848588235294 0.722 0.483764705882 2.0 
90 0.857647058824 0.729411764706 0.491647058824 2.0 
91 0.867647058824 0.736705882353 0.499764705882 2.0 
92 0.877529411765 0.744941176471 0.509058823529 2.0 
93 0.887764705882 0.753764705882 0.519764705882 2.0 
94 0.898941176471 0.763176470588 0.531411764706 2.0 
95 0.911764705882 0.774705882353 0.543647058824 2.0 
96 0.926117647059 0.789294117647 0.557058823529 2.0 
97 0.945176470588 0.805058823529 0.570705882353 2.0 
98 0.972 0.826352941176 0.587411764706 2.0 
99 1.01258823529 0.860235294118 0.607764705882 2.0 
100 2.08964705882 2.02964705882 1.46952941176 2.0 
