percentile mlu lu90 lu50 ave_hop_count 
0 0.11578125 0.0185546875 0.0 1.0 
5 0.3807421875 0.069765625 0.0 1.0 
10 0.4356640625 0.13359375 0.0 1.0 
15 0.4698046875 0.1721875 0.0 1.0 
20 0.4994921875 0.2078125 0.0 1.0 
25 0.5262109375 0.2308203125 0.0 1.0 
30 0.553671875 0.2501171875 0.0 1.0 
35 0.5811328125 0.2694140625 0.0 1.0 
40 0.613046875 0.2901953125 0.0 1.0 
45 0.648671875 0.3094921875 0.0 1.0 
50 0.6835546875 0.328046875 0.0 1.0 
55 0.716953125 0.34734375 0.0007421875 1.0 
60 0.749609375 0.3673828125 0.001484375 1.0 
65 0.7815234375 0.3881640625 0.0022265625 1.0 
70 0.8134375 0.4096875 0.0037109375 1.0 
75 0.84609375 0.4326953125 0.007421875 1.0 
80 0.880234375 0.45421875 0.0155859375 1.0 
85 0.9136328125 0.47796875 0.02671875 1.0 
90 0.9551953125 0.5054296875 0.0333984375 1.0 
95 1.033125 0.54328125 0.0423046875 1.0 
100 3.1312890625 1.62984375 0.09796875 1.0 
