percentile mlu lu90 lu50 ave_hop_count 
0 0.0644918827078 0.0118743528517 0.00580780281941 1.08752882673 
4 0.126022994906 0.0956886483479 0.0230078125 1.39001818482 
9 0.140511104603 0.108163666662 0.0575675616404 1.40569961945 
14 0.151750027816 0.118362175798 0.0715552831747 1.41427345254 
19 0.161253740672 0.127581033259 0.0855747557126 1.42157731561 
25 0.169966582796 0.135115227802 0.0958397632153 1.4293227154 
29 0.179196120128 0.141770322177 0.102671393571 1.44035717532 
34 0.189021168574 0.148554341029 0.109035193146 1.4530869779 
39 0.199862864177 0.156139613288 0.11547579424 1.46917141278 
44 0.213700637293 0.164082446008 0.122147740282 1.48722465971 
50 0.234687299644 0.173569596163 0.129548853428 1.49724846507 
54 0.273686458254 0.190932003747 0.139093126561 1.50628819381 
59 0.315772461103 0.223971794878 0.1517512855 1.51308953606 
64 0.340166729684 0.239322900637 0.163283440736 1.5193794553 
69 0.361607584082 0.25137888199 0.172750460822 1.52501543881 
75 0.384169272724 0.262424427954 0.182435695434 1.52965003358 
79 0.40966133263 0.274303324477 0.19202849333 1.53394003599 
84 0.442710877687 0.287241913282 0.203562071049 1.53949815258 
89 0.489465623068 0.300806109412 0.218597396716 1.54644208099 
94 0.565332166158 0.319872618656 0.234752903131 1.5575952788 
100 1.4435546875 0.807271984015 0.658153638274 1.70602601755 
