percentile mlu lu90 lu50 ave_hop_count 
0 0.0849559855769 0.0101984797297 0.0 1.06110462556 
4 0.149418358621 0.108773097289 0.0148294337104 1.10474468284 
9 0.165893141774 0.123024764151 0.0318181818182 1.12036624584 
14 0.177565306264 0.133385086159 0.0505451477936 1.12800328309 
19 0.187077425881 0.141848003472 0.0623181086859 1.13298063487 
25 0.196513248963 0.149484574538 0.0695613232841 1.13834748684 
29 0.206163027402 0.156924913194 0.075 1.14480800492 
34 0.216246625357 0.163956959097 0.0800534131125 1.15118389675 
39 0.228833165323 0.171393908577 0.0855382689231 1.15732172866 
44 0.2478125 0.180307946708 0.0911097732811 1.16334912733 
50 0.279770054768 0.194369146171 0.096392267702 1.16947801488 
54 0.327660693656 0.234801252572 0.101891788213 1.17492070261 
59 0.36301398608 0.262947080431 0.108213884731 1.1798783434 
64 0.386677772686 0.281827675219 0.115117691428 1.18588635693 
69 0.40573182919 0.297561799012 0.123275010851 1.19396154076 
75 0.424879397655 0.310791614105 0.133076923077 1.2041807977 
79 0.446429294521 0.324276255758 0.145479698656 1.21297873255 
84 0.474115540396 0.337913406251 0.162493812843 1.2216476826 
89 0.523280792747 0.353157963237 0.18 1.23473357374 
94 0.638614280977 0.372771643581 0.1975 1.25685616045 
100 4.66206117388 0.808412861338 0.53250515873 1.6399941714 
