percentile mlu lu90 lu50 ave_hop_count 
0 0.0316115702479 0.0213755102041 0.0 1.03388940046 
4 0.0883203125 0.0883203125 0.0105555555556 1.07293950738 
9 0.100298210736 0.100298210736 0.0341276041667 1.09031995339 
14 0.1100390625 0.1100390625 0.046 1.10182234518 
19 0.11890625 0.118871391076 0.0585 1.11276730011 
25 0.1265234375 0.1265234375 0.0669140625 1.12520146817 
29 0.1335546875 0.1335546875 0.0728515625 1.13779537187 
34 0.1406640625 0.140625 0.0782692307692 1.14830005526 
39 0.1478125 0.1478125 0.0843175853018 1.15712733878 
44 0.156214574899 0.1562109375 0.0918682065217 1.16496992065 
49 0.166550632911 0.166544117647 0.1016 1.17211942905 
54 0.1825390625 0.1825390625 0.114 1.17871568158 
59 0.2034375 0.2034375 0.127142857143 1.18532178464 
64 0.2187 0.2187 0.1401953125 1.19190294352 
69 0.2332421875 0.2332421875 0.15375 1.19859507432 
74 0.24734375 0.24734375 0.169053819444 1.20592568927 
79 0.2616796875 0.2616796875 0.184210526316 1.21378521713 
84 0.2759375 0.2759375 0.198734375 1.223068008 
89 0.29125 0.29125 0.21529296875 1.23538051487 
94 0.3129296875 0.3129296875 0.23875 1.25706676575 
100 2.1475 1.03242647059 0.366858638743 1.72520270487 
