percentile mlu lu90 lu50 ave_hop_count 
0 0.0557142857143 0.0116 0.0 1.03414345749 
4 0.138424271073 0.108222067856 0.00833333333333 1.09412280155 
9 0.154355932125 0.122010397367 0.0243994071276 1.1050984702 
14 0.165709456995 0.132356986939 0.0449015777276 1.11501942437 
19 0.175333926249 0.140138302192 0.0584615384615 1.1233319575 
25 0.184481264928 0.146666666667 0.0658494738512 1.13108384889 
29 0.19362318314 0.152797070689 0.0721125615108 1.13782205187 
34 0.203838916782 0.158916767134 0.0786004805908 1.14373015085 
39 0.216608087503 0.165636526216 0.0859374486456 1.15011062016 
44 0.234329623868 0.173476818047 0.0925850739087 1.15655024082 
50 0.261741350056 0.183645274832 0.100238369125 1.16272165612 
54 0.297221218391 0.201599009719 0.113333333333 1.1689850794 
59 0.326206457233 0.224491590758 0.129646165578 1.17567864679 
64 0.351468667693 0.240811596729 0.140115165845 1.18278493081 
69 0.376363665471 0.254771745917 0.148797141191 1.19054332164 
75 0.402356051028 0.267822294817 0.157791751649 1.19868832196 
79 0.434508507412 0.281011746881 0.168173633251 1.20826114909 
84 0.4760597134 0.294194849455 0.181033628391 1.22050639159 
89 0.53268976548 0.309075170562 0.198846544128 1.23799536755 
94 0.647576480592 0.331230779416 0.217999593243 1.26367407742 
100 6.52993426983 0.948888888889 0.292144819548 1.49334813444 
