percentile mlu lu90 lu50 ave_hop_count 
0 0.306 0.2468 0.044 2.0 
5 0.686 0.6244 0.0668 2.0 
10 0.7736 0.71 0.0736 2.0 
15 0.83 0.7608 0.0892 2.0 
20 0.8736 0.7988 0.108 2.0 
25 0.9096 0.8356 0.1312 2.0 
30 0.9436 0.8696 0.214 2.0 
35 0.978 0.9004 0.3376 2.0 
40 1.0112 0.9312 0.378 2.0 
45 1.0424 0.9632 0.4024 2.0 
50 1.0716 0.9968 0.422 2.0 
55 1.1052 1.0292 0.4452 2.0 
60 1.1392 1.0628 0.4692 2.0 
65 1.176 1.0988 0.4944 2.0 
70 1.2128 1.1356 0.5232 2.0 
75 1.2584 1.1812 0.5516 2.0 
80 1.316 1.234 0.58 2.0 
85 1.3772 1.2952 0.6084 2.0 
90 1.4612 1.37 0.6432 2.0 
95 1.5992 1.4864 0.7068 2.0 
100 2.6812 2.5592 0.9924 2.0 
