percentile mlu lu90 lu50 ave_hop_count 
0 0.0285826771654 0.0285826771654 0.0 1.02475334728 
4 0.09171875 0.09171875 0.0044 1.05553292816 
9 0.104131736527 0.104131736527 0.0246666666667 1.06455515132 
14 0.114296875 0.114296875 0.0444444444444 1.07198782823 
19 0.122361516035 0.12234375 0.0605555555556 1.07844372044 
25 0.12919504644 0.129190031153 0.0703125 1.08446390109 
29 0.13546875 0.13546875 0.0779310344828 1.09033259604 
34 0.141796875 0.141796875 0.0846153846154 1.09632035113 
39 0.1480078125 0.1480078125 0.0916666666667 1.10179944299 
44 0.1551953125 0.15515625 0.0990909090909 1.10712541234 
50 0.1648828125 0.1648828125 0.107079326923 1.11247631149 
54 0.18265625 0.182487562189 0.116223958333 1.11825162587 
59 0.2088671875 0.2087109375 0.126248139881 1.12439475364 
64 0.2261328125 0.2258984375 0.136 1.13092088438 
69 0.2412109375 0.2409765625 0.145974392361 1.13810464696 
75 0.255762711864 0.255546875 0.156307291667 1.14692375977 
79 0.2691796875 0.26890625 0.168125 1.15684032275 
84 0.282734375 0.2825390625 0.181111111111 1.17008030726 
89 0.2982421875 0.2980078125 0.197272727273 1.18973100538 
94 0.3219921875 0.321484375 0.217777777778 1.23098092113 
100 1.67722222222 0.964444444444 0.6254453125 1.63216834113 
