percentile mlu lu90 lu50 ave_hop_count 
0 0.0811554082056 0.0162068965517 0.0 1.05353106145 
4 0.262326840724 0.121666666667 0.0 1.07134749796 
9 0.335127881855 0.138564965102 0.00237089698987 1.07571197137 
14 0.386357692131 0.15275862069 0.00603748026793 1.07975089656 
19 0.420422341944 0.164 0.011784666946 1.08413239222 
25 0.449298122985 0.173651887784 0.0135422107846 1.08827473026 
29 0.47704248941 0.181937274507 0.0153333333333 1.09200718858 
34 0.508928571429 0.19 0.0174027577806 1.09618130979 
39 0.543320334557 0.198275862069 0.0196803494362 1.1009821619 
44 0.575061288015 0.207713051518 0.0235954621233 1.10701074538 
50 0.601875 0.220473574153 0.0344490644491 1.11459929745 
54 0.626978166267 0.253 0.039375 1.1219685152 
59 0.657142857143 0.289090909091 0.044051654361 1.12832813504 
64 0.69158978899 0.308422554207 0.0506770331636 1.13567246256 
69 0.730943761345 0.323047010659 0.0583333333333 1.14525929333 
75 0.775238095238 0.33600945366 0.0666050816653 1.15552256663 
79 0.820935388613 0.348965279614 0.0826093165767 1.16732432682 
84 0.877419489853 0.362868074615 0.102647879229 1.18699744872 
89 0.965519276246 0.378527959332 0.117326594361 1.20603342546 
94 1.0743195014 0.401132083891 0.138663587948 1.21871693496 
100 3.24515784773 1.00859855182 0.22385247876 1.32558443254 
