percentile mlu lu90 lu50 ave_hop_count 
0 0.028359375 0.028359375 0.0 1.05474655125 
4 0.088046875 0.088046875 0.0 1.10470897072 
9 0.1000390625 0.1000390625 0.0295170454545 1.11894869406 
14 0.10953125 0.10953125 0.0525694444444 1.13007142637 
19 0.118046875 0.118046875 0.0683984375 1.13903278579 
25 0.1248828125 0.1248828125 0.0785714285714 1.14666958513 
29 0.1310546875 0.1310546875 0.0866666666667 1.15349989738 
34 0.1369921875 0.1369921875 0.0944444444444 1.15980618219 
39 0.1431640625 0.1431640625 0.102727272727 1.16568281019 
44 0.149609375 0.149609375 0.11095703125 1.17148398003 
49 0.158046875 0.158046875 0.119285714286 1.17762601846 
54 0.171328125 0.171328125 0.128333333333 1.18416759475 
59 0.1978125 0.1978125 0.138421052632 1.19089787396 
64 0.2151953125 0.2151953125 0.149230769231 1.19809561859 
69 0.2296484375 0.2296484375 0.16066015625 1.20641518823 
74 0.243125 0.243125 0.172421875 1.21563399112 
79 0.25703125 0.25703125 0.18373046875 1.22638494318 
84 0.27078125 0.27078125 0.195333333333 1.23900383144 
89 0.2849609375 0.2849609375 0.208348214286 1.25750663356 
94 0.3028125 0.3028125 0.2268359375 1.28665957065 
100 0.693828125 0.693828125 0.65103125 1.47370684792 
