percentile mlu lu90 lu50 ave_hop_count 
0 0.142352941176 0.0486274509804 0.021568627451 2.0 
5 0.436862745098 0.397843137255 0.0641176470588 2.0 
10 0.498431372549 0.45568627451 0.205098039216 2.0 
15 0.546078431373 0.50431372549 0.259215686275 2.0 
20 0.589803921569 0.545882352941 0.306862745098 2.0 
25 0.624117647059 0.582156862745 0.345490196078 2.0 
30 0.655490196078 0.612745098039 0.371176470588 2.0 
35 0.685294117647 0.641764705882 0.392549019608 2.0 
40 0.716274509804 0.672156862745 0.417254901961 2.0 
45 0.748823529412 0.706470588235 0.446862745098 2.0 
50 0.790588235294 0.744901960784 0.481568627451 2.0 
55 0.855490196078 0.797058823529 0.527843137255 2.0 
60 0.987058823529 0.875882352941 0.577647058824 2.0 
65 1.07745098039 0.947058823529 0.616470588235 2.0 
70 1.15019607843 1.00274509804 0.650980392157 2.0 
75 1.21843137255 1.05294117647 0.684901960784 2.0 
80 1.28862745098 1.10352941176 0.722156862745 2.0 
85 1.35784313725 1.15647058824 0.762352941176 2.0 
90 1.42941176471 1.21568627451 0.819411764706 2.0 
95 1.51980392157 1.29117647059 0.906078431373 2.0 
100 3.48274509804 3.38274509804 2.44921568627 2.0 
