percentile mlu lu90 lu50 ave_hop_count 
0 0.0351963201276 0.011497703363 0.0022265625 1.12378376735 
4 0.113628572237 0.093192538359 0.0183505880009 1.37263329304 
9 0.129838338968 0.106826935812 0.0589588925038 1.39033691122 
14 0.142391793007 0.117305811601 0.0733042956517 1.40321056842 
19 0.152580963585 0.126930819159 0.0864070073841 1.41452488039 
25 0.161529208725 0.134735848423 0.0978803401575 1.4270112403 
29 0.169936044052 0.142013344721 0.105677084147 1.43897745067 
34 0.178767363635 0.149004338165 0.112305231511 1.45103885462 
39 0.188228953147 0.156199357394 0.118367864138 1.46193139795 
44 0.199579576979 0.163936622987 0.12447995331 1.47327555442 
50 0.215855343064 0.173142826527 0.131688402378 1.48450485898 
54 0.251655949749 0.187939796499 0.140821976434 1.49374362142 
59 0.29033451466 0.220589227935 0.1539314772 1.50129124376 
64 0.315835653154 0.238536926441 0.165836894065 1.50807293049 
69 0.336214631391 0.251983693191 0.176515583772 1.51426625398 
75 0.354545425347 0.264416027426 0.186899455459 1.52031239887 
79 0.374069841814 0.277509373213 0.196868548192 1.52640281982 
84 0.399474697108 0.292033038852 0.207788840122 1.53357574116 
89 0.438404115668 0.308389654213 0.221955183449 1.54162381457 
94 0.505045102373 0.330261457353 0.237785210687 1.55458297836 
100 1.40429124817 0.82948790461 0.653228902774 1.70021000209 
