percentile mlu lu90 lu50 ave_hop_count 
0 0.028359375 0.028359375 0.0 1.05165990194 
4 0.0903515625 0.0903515625 0.022527173913 1.09779860948 
9 0.1022265625 0.1022265625 0.0409090909091 1.10909500118 
14 0.112109375 0.112109375 0.061 1.11747225579 
19 0.12015625 0.12015625 0.072 1.12454187428 
25 0.1269140625 0.1269140625 0.0808333333333 1.13122496452 
29 0.1328515625 0.1328515625 0.089 1.13752991609 
34 0.1388671875 0.1388671875 0.0973076923077 1.14358561262 
39 0.145 0.145 0.1056640625 1.1495698922 
44 0.151796875 0.151796875 0.114069824219 1.15523245433 
50 0.160892857143 0.160892857143 0.122578125 1.16103537196 
54 0.1771484375 0.1771484375 0.131277721774 1.1668974279 
59 0.20328125 0.20328125 0.140568576389 1.17283299073 
64 0.2184765625 0.2184765625 0.15 1.17904381493 
69 0.2323828125 0.2323828125 0.160262276786 1.18586035185 
75 0.2453515625 0.2453515625 0.171068638393 1.19351344031 
79 0.2589453125 0.2589453125 0.182047526042 1.20232322365 
84 0.272109375 0.272109375 0.1937890625 1.21297339882 
89 0.2860546875 0.2860546875 0.207861328125 1.22723609064 
94 0.3035546875 0.3035546875 0.226315789474 1.25213878979 
100 0.693828125 0.693828125 0.653455528846 1.46453265168 
