percentile mlu lu90 lu50 ave_hop_count 
0 0.172666666667 0.0269744170141 0.0 1.0335231705 
4 0.43017390703 0.19 0.0 1.09239168072 
9 0.525789473684 0.240222733802 0.0 1.12754695195 
14 0.562441144513 0.275421885836 0.0 1.40011218677 
19 0.585761318439 0.297752912322 0.0 1.45523797467 
25 0.606228475913 0.316341627438 0.0 1.49668333811 
29 0.625626973597 0.334705882353 0.0 1.52754599243 
34 0.645640927381 0.352527526538 0.0 1.54687346114 
39 0.666802813391 0.37091597434 0.00166666666667 1.56226833526 
44 0.689333333333 0.389383170307 0.00333333333333 1.57485735631 
50 0.714143923432 0.40897472585 0.00666666666667 1.58706005398 
54 0.74126963829 0.429239526798 0.0111111111111 1.59753487797 
59 0.773 0.45 0.0196 1.60767670859 
64 0.811029690036 0.471715355805 0.0376923076923 1.61825412059 
69 0.86 0.495825302376 0.0506666666667 1.62995179579 
75 0.916222975153 0.521738416037 0.0646666666667 1.64159988609 
79 0.995992875552 0.549422349203 0.0774429630509 1.65458290106 
84 1.13 0.579397287315 0.0954545454545 1.66975790322 
89 1.42125 0.616296296296 0.157142857143 1.68777421232 
94 1.92975532519 0.675987484019 0.206363636364 1.71254142826 
100 inf 1.27548387097 0.299047566002 1.86087375146 
