percentile mlu lu90 lu50 ave_hop_count 
0 0.032988459879 0.0129855108333 0.00649913693112 1.19640443563 
1 0.0787566133735 0.0676259449487 0.0136328125 1.39783169451 
2 0.0884758786263 0.0773102510422 0.0155859375 1.41189473988 
3 0.0944967593537 0.0823828125 0.0178222230121 1.41965337739 
4 0.098837278294 0.0869347415039 0.0200390625 1.42609692979 
5 0.102749985373 0.0903672393282 0.0229175892261 1.43095483144 
6 0.106003349551 0.0934952172379 0.0287578726112 1.43479130132 
7 0.109210035672 0.0961761107323 0.043120537444 1.43840942816 
8 0.111950475641 0.0988102768476 0.0555136107424 1.44164674399 
9 0.114526069829 0.101229825356 0.0605053610092 1.44464914462 
10 0.116997711172 0.103471348682 0.0641024115418 1.44747020934 
11 0.119502882327 0.105642590256 0.066796875 1.45008577477 
12 0.121916484236 0.107888722287 0.0694930826259 1.45272085138 
13 0.124291142707 0.109935637933 0.0719451403305 1.45533418717 
14 0.126499776721 0.111920241847 0.0743805665932 1.45791817655 
15 0.128757154945 0.114053487028 0.076866172437 1.46033853279 
16 0.131081653466 0.115937593123 0.079253016181 1.46282920505 
17 0.1331464229 0.117894597106 0.0818913056933 1.46541860836 
18 0.135250327556 0.11980516374 0.0845055484988 1.46798381379 
19 0.13714798841 0.121655114169 0.0869523992732 1.47051559238 
20 0.138988066714 0.12339846259 0.0893773091455 1.47304115453 
21 0.140790922258 0.125196873154 0.0915716114937 1.47550384358 
22 0.142627278211 0.126795523238 0.0939453092695 1.47807010796 
23 0.144343147403 0.128493798034 0.0962887257697 1.48071723018 
24 0.145977970077 0.130021282216 0.0984450339289 1.48326498741 
25 0.147663662837 0.131519184236 0.100257872306 1.48597850702 
26 0.149227650926 0.13301763848 0.101852981058 1.48836686307 
27 0.150817178728 0.134445341958 0.103564663329 1.49073808129 
28 0.152263459081 0.135847993948 0.105099426687 1.49297893097 
28 0.152263459081 0.135847993948 0.105099426687 1.49297893097 
30 0.155443892262 0.138729714845 0.108034381089 1.49745958768 
31 0.156972154392 0.140159228006 0.109368541932 1.4996631773 
32 0.158550053998 0.141628005968 0.110625011586 1.50183505977 
33 0.160099328472 0.14292240333 0.111955783126 1.5040015815 
34 0.161644072818 0.1442588337 0.11321149956 1.50590248086 
35 0.16317751566 0.145741352904 0.114346570642 1.50790315097 
36 0.164648635943 0.147214904469 0.115720482258 1.50979244357 
37 0.166274440821 0.148604947185 0.116856992621 1.51153496733 
38 0.167948705932 0.150049505553 0.11803418446 1.51331469326 
39 0.169599346959 0.151484201705 0.119261578975 1.51511270351 
40 0.171364256207 0.152866058101 0.120447147944 1.51679288705 
41 0.173052831556 0.15439887478 0.121570074666 1.51839150428 
42 0.174882996902 0.155839882745 0.122749770227 1.51996614363 
43 0.176627870973 0.157425384382 0.123938494562 1.52165674141 
44 0.178491284034 0.158941665 0.12523373093 1.52333814528 
45 0.180229778603 0.1605859375 0.126565092529 1.52487137177 
46 0.182263362073 0.162384962581 0.127776196327 1.52644132818 
47 0.184095902617 0.164040108436 0.12910912463 1.52784393073 
48 0.186124708644 0.165752542167 0.130629676243 1.52935534182 
49 0.188515625 0.167665773829 0.132201134558 1.53075257562 
50 0.191051509575 0.169587783791 0.13370626328 1.5322980886 
51 0.193928971332 0.171708835909 0.135218332239 1.53379626287 
52 0.197169455886 0.173875139544 0.137041107111 1.53527619732 
53 0.20113330833 0.176691927349 0.138940525656 1.53668502883 
54 0.205873222201 0.179921875 0.141294372866 1.53814452577 
55 0.212187495164 0.183621045841 0.143735478755 1.53954073626 
56 0.220540357488 0.188224087949 0.146610955968 1.54091892745 
56 0.220540357488 0.188224087949 0.146610955968 1.54091892745 
57 0.228838295298 0.194696722014 0.149924167843 1.54218574885 
59 0.242599390262 0.207868146246 0.15707958045 1.54469710281 
60 0.247688452935 0.213372469409 0.160630193856 1.54594012579 
61 0.252177979766 0.217996157132 0.163635505674 1.54721626547 
62 0.256427301172 0.221719388256 0.166536175246 1.54840885704 
63 0.260462537794 0.225047165839 0.16909424701 1.54969416049 
64 0.264270639094 0.228241416536 0.171479502886 1.55090577992 
65 0.267732672339 0.231121910063 0.173764389742 1.55209439685 
66 0.271156939724 0.233793671305 0.176111063513 1.55339585761 
67 0.274368791733 0.236619684894 0.1782421875 1.55449895457 
68 0.277588842018 0.239311066111 0.180255190306 1.55575050361 
69 0.280573350415 0.241657634735 0.182257026215 1.55701708042 
70 0.283625594317 0.243987559767 0.184198049625 1.55826876634 
71 0.286547505294 0.246389984312 0.1861938643 1.55946305163 
72 0.289666741216 0.248870093649 0.18821398836 1.56069741275 
73 0.292665112386 0.251213756136 0.190215691231 1.5620081898 
74 0.29551839261 0.253664380162 0.192183558221 1.5633065556 
75 0.298348467457 0.256008043655 0.194028743004 1.56447082441 
76 0.301153260462 0.258454202326 0.19594569945 1.56587412302 
77 0.303867175232 0.260828619502 0.197897417304 1.56723994755 
78 0.306787380621 0.263342664613 0.199946774334 1.56858181262 
79 0.309640352888 0.265825771922 0.201800691704 1.5701141524 
80 0.312385657966 0.268379712812 0.203664459054 1.5715887533 
81 0.315130187036 0.271115463261 0.205636684327 1.57314621991 
82 0.317906315583 0.274087153546 0.207780372037 1.57473053708 
83 0.320708733777 0.276838275097 0.209889505345 1.5763933156 
84 0.32374156843 0.279602582759 0.21214364685 1.57813701326 
85 0.32670063806 0.282394810063 0.214452910729 1.58008201892 
86 0.32958675994 0.28518254288 0.216734178015 1.58205063891 
87 0.332770093929 0.288186903245 0.219329930626 1.58405208673 
88 0.336033151312 0.291267595247 0.222100744523 1.5863015396 
89 0.339352367005 0.29440635645 0.224926937031 1.58867733471 
90 0.342878208079 0.297529555601 0.227673782031 1.59136376385 
91 0.346506943971 0.300806635358 0.230417998732 1.5942472939 
92 0.350832557801 0.304607970176 0.23318433863 1.59744119936 
93 0.355281605757 0.308761395631 0.236221836069 1.60081704116 
94 0.360420976494 0.3129891182 0.239332455898 1.60507749357 
95 0.366650409945 0.317818222386 0.24294050649 1.61049969338 
96 0.374272784824 0.323261924264 0.246757394651 1.61629410189 
97 0.382782607045 0.329504164816 0.251383620876 1.62419793891 
98 0.396615981981 0.337261056405 0.25711592307 1.63439126522 
99 0.424023597174 0.350865203373 0.265194933865 1.6517365252 
100 1.0390625 0.802307663623 0.655431261504 1.77135853947 
