percentile mlu lu90 lu50 ave_hop_count 
0 0.0806321152472 0.010815926257 0.00103607726407 1.09220205375 
4 0.132207781005 0.0991155982919 0.0358254352789 1.12354185412 
9 0.146046453865 0.111351176665 0.0503213569093 1.12944627642 
14 0.156956221745 0.1215399893 0.0652210063168 1.13915524406 
19 0.166070373577 0.129726233817 0.0754720696811 1.14886201653 
25 0.174858977292 0.136354058489 0.0822971276502 1.15558641809 
29 0.184111640834 0.142812265246 0.0876855528632 1.16400489571 
34 0.193742607737 0.149294930767 0.0929219530737 1.17212815876 
39 0.204909844694 0.156230304218 0.0983264890597 1.17823753246 
44 0.218845344087 0.164055161764 0.104042474501 1.18314112102 
50 0.244997557078 0.174025304809 0.110628618091 1.1894039979 
54 0.295450208345 0.19488018501 0.119297663789 1.19610514144 
59 0.327294225654 0.224294635495 0.130932025987 1.20157667526 
64 0.349945355191 0.238599029866 0.140208333333 1.20816273981 
69 0.372374953408 0.250253825516 0.147541778023 1.21611639749 
75 0.395806239765 0.26165250314 0.155453695124 1.22307820906 
79 0.423333333333 0.273405301036 0.164107490058 1.23058147123 
84 0.458515074855 0.286377818458 0.175438765409 1.24224943558 
89 0.51334840106 0.300512737138 0.191005943798 1.26242226631 
94 0.604656493275 0.320950239969 0.211117893026 1.34624076874 
100 2.16486145424 0.804476027141 0.527277284605 1.59065778475 
