percentile mlu lu90 lu50 ave_hop_count 
0 0.0873942843866 0.0119485924314 0.0 1.13087181562 
4 0.160522972286 0.113458584337 0.00229964717742 1.27859502631 
9 0.175728085352 0.128023328343 0.0422904962547 1.29138628078 
14 0.186015625 0.138001685049 0.0573116812227 1.30175321568 
19 0.194878472222 0.145580163663 0.0773597961199 1.31146135242 
25 0.203546112805 0.152735176282 0.0901204427083 1.32377039252 
29 0.212232013081 0.159860757316 0.0987109375 1.33297126484 
34 0.221695097477 0.16717101848 0.105167869285 1.34262398613 
39 0.232143342391 0.174961391446 0.111183315792 1.35587868939 
44 0.244437467036 0.183665463403 0.116526777416 1.37189706483 
50 0.264397321429 0.195149181206 0.121264485293 1.39803019262 
54 0.307265625 0.22424848948 0.12590090942 1.41417171923 
59 0.357687170185 0.273125 0.130646688081 1.4250406293 
64 0.388254111842 0.2946484375 0.1358203125 1.44188950143 
69 0.411234256501 0.310683352623 0.141764796547 1.45225242151 
75 0.431874716682 0.325944646069 0.149854254202 1.45937340913 
79 0.451697749163 0.340289430229 0.163740348548 1.466669179 
84 0.475544854266 0.354787320526 0.190609691034 1.47491839591 
89 0.508809258644 0.370563871951 0.21078125 1.48590277208 
94 0.566534438844 0.392648121586 0.231060128757 1.50214707701 
100 1.4435546875 0.852063844111 0.627522861618 1.67945970081 
