percentile mlu lu90 lu50 ave_hop_count 
0 0.029512195122 0.029512195122 0.0 1.03973165504 
4 0.0904296875 0.0904296875 0.0204761904762 1.08286670015 
9 0.1023046875 0.1023046875 0.04 1.10118153247 
14 0.1121875 0.1121875 0.0518546195652 1.11443641784 
19 0.1203125 0.1203125 0.0625 1.12610258035 
25 0.1271875 0.1271875 0.0702232142857 1.13573339797 
29 0.1334375 0.1334375 0.0767441860465 1.14390559265 
34 0.14 0.14 0.0829657278588 1.15142979431 
39 0.146953125 0.146953125 0.0892307692308 1.15833488962 
44 0.155625 0.155625 0.0959680706522 1.16539383763 
50 0.1691015625 0.1691015625 0.1025 1.17274616679 
54 0.1975390625 0.1975390625 0.109615384615 1.18010918657 
59 0.215859375 0.215859375 0.118019935345 1.18759825975 
64 0.230859375 0.230859375 0.128043478261 1.1961821207 
69 0.24484375 0.24484375 0.139955357143 1.20518317289 
75 0.259453125 0.259453125 0.152938368056 1.21616630763 
79 0.2737890625 0.2737890625 0.168181818182 1.22955426901 
84 0.289921875 0.289921875 0.185769230769 1.24937996996 
89 0.315546875 0.31546875 0.206 1.33444199847 
94 0.863125 0.566066666667 0.231363636364 1.53700901418 
100 2.52733333333 1.29329545455 0.603907930108 1.81078568296 
