percentile mlu lu90 lu50 ave_hop_count 
0 0.0673869446814 0.0113303027898 0.0 1.05317568698 
1 0.103819999698 0.0770507147584 0.0 1.1086935398 
2 0.112487265393 0.0856628614728 0.00225493446237 1.11459451816 
3 0.11784255582 0.0910726814015 0.0195278067815 1.11854554861 
4 0.121950869431 0.0950353136318 0.0328449392792 1.12123124832 
5 0.12563914134 0.0984117365019 0.0358984775912 1.12391110086 
6 0.129284391841 0.101026853877 0.0384603624671 1.12648560237 
7 0.132667327927 0.103566527576 0.0409135886114 1.12909896724 
8 0.135941750914 0.105861380066 0.0428921566268 1.13136565878 
9 0.138783390953 0.10837650772 0.0447533506828 1.13350102733 
10 0.141438411153 0.110583106879 0.0470584734949 1.13522937521 
11 0.144109533474 0.112884797843 0.0498626965503 1.13673107968 
12 0.14640072624 0.1150683441 0.0529466968855 1.13823328685 
13 0.148402120734 0.117345310144 0.0565899940339 1.139463542 
14 0.150426813849 0.119466007183 0.0603813216241 1.14056637902 
15 0.152457103987 0.121303814826 0.0639919110718 1.14163322041 
16 0.154459071736 0.123129021292 0.0670279816381 1.14279569294 
17 0.156277353557 0.12483762658 0.0694077233388 1.14402312228 
18 0.15801266724 0.126466115604 0.0715479079221 1.14523854408 
19 0.15991765981 0.128003370658 0.0736024597825 1.14659574954 
20 0.16169478991 0.129535140142 0.0754877314433 1.14809936636 
21 0.163277270769 0.130881253253 0.0771964326695 1.1496521602 
22 0.164992498911 0.132237502151 0.0788575132233 1.15125117106 
23 0.166719625292 0.133625162572 0.0802088729939 1.15276120022 
24 0.1684 0.135021945828 0.0815809718419 1.15438984515 
25 0.17 0.136349892229 0.0830495820589 1.15607680358 
26 0.171829662608 0.137709618781 0.084375 1.15763348933 
27 0.173531823043 0.139110011443 0.0855171149508 1.15922758123 
28 0.175234226705 0.140547342665 0.0866380206631 1.16066797422 
28 0.175234226705 0.140547342665 0.0866380206631 1.16066797422 
30 0.178761936979 0.143106595818 0.0887713708342 1.16358584065 
31 0.180508058289 0.144362755443 0.0897952341748 1.16490926362 
32 0.182100331657 0.145744803727 0.0908333333333 1.16628120338 
33 0.183910107001 0.147110479049 0.0919103635761 1.16758476956 
34 0.185714016913 0.148441095631 0.0929425573958 1.16888575352 
35 0.18767326688 0.149763262853 0.0939297404964 1.17010199869 
36 0.189629504634 0.151055459216 0.094926262575 1.17130623092 
37 0.191567814452 0.152276921987 0.095971093565 1.17275607051 
38 0.193501025413 0.153642124588 0.0970990323061 1.17424409751 
39 0.195551447198 0.155101523487 0.0981947432046 1.17589932641 
40 0.197991270559 0.156581791688 0.099296698614 1.177381838 
41 0.200388858256 0.158115634396 0.100359849224 1.17873126641 
42 0.203 0.159693524156 0.101384078366 1.18002297539 
43 0.205857642036 0.161307955826 0.102475872613 1.18134037165 
44 0.209025481111 0.162869612291 0.103605933764 1.18247345718 
45 0.212496966998 0.164711610997 0.10477890825 1.18374373734 
46 0.216499235746 0.166315207236 0.105959118996 1.18500317298 
47 0.221141525597 0.168225740883 0.107102047888 1.18621670718 
48 0.226430183617 0.170198400448 0.10838228715 1.18741842951 
49 0.23211676693 0.17231220146 0.109665793058 1.18864907498 
50 0.238581796873 0.174508797317 0.111087341024 1.1900202592 
51 0.245716161186 0.176923076923 0.112655209588 1.19133466239 
52 0.255180921546 0.179770747808 0.114350232074 1.19269532708 
53 0.265036549781 0.18364145092 0.116240084944 1.19401602534 
54 0.275166004433 0.187998796236 0.118417556247 1.19520202806 
55 0.283648592848 0.193896541575 0.120639532812 1.19646034055 
56 0.291139441472 0.201658626066 0.122847872492 1.19773389453 
56 0.291139441472 0.201658626066 0.122847872492 1.19773389453 
57 0.297743541339 0.208461538462 0.12535787262 1.19910481788 
59 0.309610267654 0.218647775102 0.13020103649 1.20186846576 
60 0.314939864007 0.222468466663 0.132440443545 1.20336978082 
61 0.319835703518 0.225630907974 0.134576852476 1.2048197641 
62 0.324676334556 0.228428951057 0.136281331452 1.20620577998 
63 0.329165138889 0.231312721421 0.138054662913 1.20751726948 
64 0.33338643802 0.234047401608 0.139652416555 1.20879383866 
65 0.337410380923 0.236463917238 0.141122831197 1.21022690182 
66 0.341524163653 0.238920875173 0.142727272727 1.21145514634 
67 0.345869682809 0.241344401138 0.144379870609 1.21276414747 
68 0.350059469865 0.243689747191 0.146036868569 1.21402860114 
69 0.354217591034 0.246038565221 0.147541844361 1.21554784864 
70 0.358854104988 0.248236254548 0.149166738294 1.21710238427 
71 0.363355289259 0.250532808062 0.150759003074 1.21884805645 
72 0.36778191142 0.25262424161 0.152269671366 1.22075636801 
73 0.372278965968 0.254916323606 0.153776041667 1.22297633462 
74 0.377021678393 0.257046540523 0.155278687229 1.22537176765 
75 0.381764705882 0.259235761499 0.156891097373 1.22778335979 
76 0.386540164108 0.26154268403 0.158535252306 1.23042447276 
77 0.391407249844 0.263833695666 0.160215978942 1.23280885137 
78 0.396536743239 0.266285126683 0.161889959238 1.23516533583 
79 0.401840964418 0.268652652426 0.163636363636 1.23730359003 
80 0.407533116046 0.271073783266 0.165454545455 1.23954389403 
81 0.413642564241 0.27361579907 0.167396807293 1.24179582408 
82 0.420168536836 0.276024060766 0.169653723882 1.24412855658 
83 0.426504906922 0.278708138554 0.17187107413 1.24630549988 
84 0.433676744057 0.281440089738 0.174151154524 1.24852448559 
85 0.440853292793 0.284189111818 0.176671840793 1.25073930201 
86 0.448694642144 0.286997202875 0.179333333333 1.25316225074 
87 0.457587356033 0.289863088394 0.182173913043 1.25619161297 
88 0.467263068459 0.292643534314 0.185321454894 1.25940874627 
89 0.477215585627 0.295566001768 0.1884344437 1.26260878871 
90 0.487228735351 0.298620689655 0.191869198573 1.26616695624 
91 0.498161455182 0.301958348498 0.19560717244 1.26975110686 
92 0.511430400689 0.305290283883 0.199166666667 1.27333336771 
93 0.525886147972 0.30900317506 0.20276140429 1.27965450599 
94 0.542447774415 0.31283081289 0.206814585447 1.29201558809 
95 0.562098814998 0.317407407407 0.211260722491 1.32182658647 
96 0.588720265226 0.322278293163 0.215512115508 1.35086184722 
97 0.623503011199 0.328581513529 0.221011820319 1.36487532774 
98 0.676022134916 0.336257383234 0.227142857143 1.38051845589 
99 0.773272240737 0.348328939461 0.236431395709 1.39718934613 
100 1.55891878931 0.791057397335 0.516975836283 1.4704621032 
