percentile mlu lu90 lu50 ave_hop_count 
0 0.028359375 0.0231640625 0.0 1.0236824111 
4 0.093359375 0.0933423913043 0.00435582822086 1.06357471087 
9 0.10828125 0.10828125 0.0108443509615 1.072944837 
14 0.1179296875 0.117890625 0.0267542613636 1.08047491782 
19 0.1244921875 0.1244921875 0.0414285714286 1.08703157354 
25 0.1299609375 0.129938650307 0.0620276497696 1.09315056659 
29 0.1349609375 0.134954954955 0.0736842105263 1.09902056224 
34 0.1401953125 0.1401953125 0.0818421052632 1.10485670208 
39 0.1456640625 0.145625 0.089375 1.11053141648 
44 0.151953125 0.151904761905 0.0963333333333 1.11613513177 
49 0.1606640625 0.160546875 0.104317801339 1.1219357931 
54 0.1748828125 0.17484375 0.114 1.12776643475 
59 0.2014453125 0.20140625 0.124285714286 1.13409765972 
64 0.21796875 0.217894736842 0.134456018519 1.14068335619 
69 0.232756892231 0.232718894009 0.144705882353 1.1480388688 
74 0.246796875 0.2467578125 0.155 1.15673369233 
79 0.261171875 0.261171875 0.166774193548 1.16699489973 
84 0.27546875 0.2754296875 0.179816894531 1.17954553046 
89 0.2905078125 0.2905078125 0.195666666667 1.19635467725 
94 0.3113671875 0.3113671875 0.216145241477 1.22546906956 
100 2.1475 0.83 0.56578125 1.6686149019 
