percentile mlu lu90 lu50 ave_hop_count 
0 0.1134375 0.03875 0.0171875 2.0 
1 0.2615625 0.23921875 0.02609375 2.0 
2 0.29765625 0.27296875 0.02875 2.0 
3 0.3184375 0.291875 0.03484375 2.0 
4 0.335625 0.30546875 0.0421875 2.0 
5 0.348125 0.316875 0.05109375 2.0 
6 0.35984375 0.32734375 0.0821875 2.0 
7 0.36984375 0.33640625 0.12875 2.0 
8 0.38 0.3459375 0.14640625 2.0 
9 0.38875 0.35484375 0.15609375 2.0 
10 0.3971875 0.363125 0.1634375 2.0 
11 0.40515625 0.37140625 0.17171875 2.0 
12 0.4125 0.379375 0.1803125 2.0 
13 0.4203125 0.3871875 0.1884375 2.0 
14 0.4278125 0.39484375 0.19671875 2.0 
15 0.435 0.401875 0.2065625 2.0 
16 0.4425 0.40875 0.2153125 2.0 
17 0.45015625 0.41578125 0.2234375 2.0 
18 0.4571875 0.4225 0.2303125 2.0 
19 0.46375 0.42890625 0.23765625 2.0 
20 0.47 0.43484375 0.24453125 2.0 
21 0.475625 0.44140625 0.25140625 2.0 
22 0.48109375 0.44734375 0.25828125 2.0 
23 0.48671875 0.45296875 0.26421875 2.0 
24 0.4921875 0.4584375 0.27015625 2.0 
25 0.49734375 0.46390625 0.2753125 2.0 
26 0.5028125 0.4690625 0.2796875 2.0 
27 0.508125 0.47421875 0.28390625 2.0 
28 0.51296875 0.4790625 0.28765625 2.0 
28 0.51296875 0.4790625 0.28765625 2.0 
30 0.52234375 0.48828125 0.295625 2.0 
31 0.52703125 0.4928125 0.299375 2.0 
32 0.53171875 0.4975 0.3028125 2.0 
33 0.53625 0.50203125 0.30625 2.0 
34 0.54109375 0.5065625 0.30953125 2.0 
35 0.54609375 0.51140625 0.3128125 2.0 
36 0.55109375 0.51609375 0.31640625 2.0 
37 0.55578125 0.52078125 0.32 2.0 
38 0.5609375 0.5259375 0.32375 2.0 
39 0.56609375 0.530625 0.328125 2.0 
40 0.57078125 0.535625 0.3325 2.0 
41 0.575625 0.54078125 0.33703125 2.0 
42 0.58078125 0.54609375 0.34140625 2.0 
43 0.5859375 0.551875 0.3459375 2.0 
44 0.59140625 0.55734375 0.3509375 2.0 
45 0.59671875 0.56296875 0.35609375 2.0 
46 0.60265625 0.56796875 0.36125 2.0 
47 0.60890625 0.57390625 0.36625 2.0 
48 0.615625 0.57984375 0.371875 2.0 
49 0.62265625 0.58640625 0.37765625 2.0 
50 0.63 0.59359375 0.38375 2.0 
51 0.6375 0.60015625 0.3903125 2.0 
52 0.6471875 0.60734375 0.3971875 2.0 
53 0.65734375 0.61625 0.40453125 2.0 
54 0.66921875 0.62515625 0.41234375 2.0 
55 0.68171875 0.63515625 0.420625 2.0 
56 0.6971875 0.6465625 0.42875 2.0 
56 0.6971875 0.6465625 0.42875 2.0 
57 0.7165625 0.658125 0.43640625 2.0 
59 0.7653125 0.684375 0.45328125 2.0 
60 0.78640625 0.69796875 0.4603125 2.0 
61 0.80421875 0.71046875 0.46671875 2.0 
62 0.8196875 0.72203125 0.47359375 2.0 
63 0.83328125 0.73421875 0.4796875 2.0 
64 0.84609375 0.745 0.48546875 2.0 
65 0.85859375 0.7546875 0.49125 2.0 
66 0.86984375 0.7640625 0.4971875 2.0 
67 0.88171875 0.77421875 0.50234375 2.0 
68 0.8928125 0.78359375 0.5078125 2.0 
69 0.9053125 0.79140625 0.51296875 2.0 
70 0.9165625 0.7990625 0.51875 2.0 
71 0.92796875 0.8075 0.524375 2.0 
72 0.93890625 0.815 0.529375 2.0 
73 0.94921875 0.82296875 0.5346875 2.0 
74 0.96015625 0.83078125 0.54046875 2.0 
75 0.9709375 0.8390625 0.545625 2.0 
76 0.98171875 0.84734375 0.5515625 2.0 
77 0.99328125 0.85546875 0.5571875 2.0 
78 1.005 0.86328125 0.563125 2.0 
79 1.01578125 0.8709375 0.56921875 2.0 
80 1.026875 0.879375 0.57546875 2.0 
81 1.0384375 0.886875 0.58171875 2.0 
82 1.04859375 0.895625 0.58828125 2.0 
83 1.0603125 0.90421875 0.594375 2.0 
84 1.07140625 0.913125 0.60078125 2.0 
85 1.08203125 0.9215625 0.6075 2.0 
86 1.093125 0.93046875 0.61546875 2.0 
87 1.1040625 0.93984375 0.6234375 2.0 
88 1.11609375 0.9490625 0.63203125 2.0 
89 1.12703125 0.95890625 0.6425 2.0 
90 1.1390625 0.96875 0.65296875 2.0 
91 1.15234375 0.9784375 0.66375 2.0 
92 1.16546875 0.989375 0.67609375 2.0 
93 1.1790625 1.00109375 0.6903125 2.0 
94 1.19390625 1.01359375 0.70578125 2.0 
95 1.2109375 1.02890625 0.72203125 2.0 
96 1.23 1.04828125 0.73984375 2.0 
97 1.2553125 1.06921875 0.75796875 2.0 
98 1.2909375 1.0975 0.78015625 2.0 
99 1.34484375 1.1425 0.8071875 2.0 
100 2.7753125 2.695625 1.95171875 2.0 
