percentile mlu lu90 lu50 ave_hop_count 
0 0.0286956521739 0.0220289855072 0.0 1.04495484939 
4 0.090390625 0.090390625 0.0318181818182 1.08640286469 
9 0.102265625 0.102265625 0.0457244318182 1.10020356342 
14 0.112109375 0.112109375 0.0607142857143 1.10971354854 
19 0.12015625 0.12015625 0.0701813616071 1.11773133834 
25 0.1269140625 0.1269140625 0.0768181818182 1.1252343704 
29 0.132890625 0.132890625 0.0832273065476 1.13249424024 
34 0.13890625 0.13890625 0.09 1.13940366472 
39 0.145078125 0.145078125 0.097529296875 1.14604359553 
44 0.1519140625 0.1519140625 0.105202205882 1.15255250223 
50 0.1611328125 0.1611328125 0.113030711207 1.1590143006 
54 0.1778515625 0.1778515625 0.121625 1.16521489969 
59 0.204257028112 0.204257028112 0.1308984375 1.17177900802 
64 0.2192578125 0.2192578125 0.141607142857 1.17867806784 
69 0.23296875 0.23296875 0.153260216346 1.18591908141 
75 0.2458203125 0.2458203125 0.166111111111 1.19373550445 
79 0.259375 0.259375 0.180390625 1.20259004954 
84 0.2724609375 0.2724609375 0.195555555556 1.21363348247 
89 0.2863671875 0.2863671875 0.212900390625 1.22716652811 
94 0.3040234375 0.3040234375 0.236008522727 1.24979752818 
100 0.693828125 0.693828125 0.603333333333 1.51673573024 
