percentile mlu lu90 lu50 ave_hop_count 
0 0.0644199517743 0.0130626208386 0.00602432868321 1.18606073017 
4 0.129698831793 0.0976814480849 0.0316746097973 1.39352946793 
9 0.144185958812 0.109664473775 0.0580349928157 1.40290042871 
14 0.154856535784 0.119674899401 0.0710690026975 1.40950435413 
19 0.164726142834 0.128449165655 0.0861187447896 1.41536910076 
25 0.173384628492 0.135943400378 0.0962429529052 1.42312675755 
29 0.182462162337 0.142573094187 0.103153805338 1.43562157353 
34 0.192171156721 0.149394044921 0.10965739719 1.4498221972 
39 0.202636298496 0.156579820359 0.116232714103 1.48529424017 
44 0.216154817907 0.164710076649 0.12262843798 1.50057590933 
49 0.236038703918 0.174230397897 0.129782480487 1.50858872621 
54 0.280129881283 0.192487367322 0.139217575728 1.51392515461 
59 0.325291335585 0.225371918627 0.151246243809 1.51767384362 
64 0.348600306253 0.240618054499 0.161753309462 1.52083839137 
69 0.368912118026 0.25298985942 0.170857337406 1.52375099356 
75 0.390690306882 0.26472509783 0.180415166016 1.52674256152 
79 0.418061123494 0.275993384848 0.190955904329 1.53028704119 
84 0.454460789477 0.288590266058 0.202507851622 1.53548783406 
89 0.50181760533 0.302045555473 0.217539423108 1.54401084158 
94 0.577087495995 0.3204482451 0.234176787252 1.56419764729 
100 1.41172213595 0.853711468 0.641613768425 1.68534183925 
