percentile mlu lu90 lu50 ave_hop_count 
0 0.0355232826036 0.0114285714286 0.0 1.04754333494 
1 0.0982352941176 0.0806025289693 0.0 1.07814493135 
2 0.107828842041 0.0894182139602 0.0 1.08395206375 
3 0.114506810161 0.0947328815421 0.00663408156947 1.08850572607 
4 0.118799019873 0.099103541838 0.0127032593723 1.09165927876 
5 0.122836268571 0.10291107503 0.0170625863835 1.09440815702 
6 0.126683466019 0.106039545763 0.0201108329465 1.09703131478 
7 0.130354705553 0.108765671502 0.0228154021232 1.09933525576 
8 0.133800670789 0.111194079936 0.0254577799846 1.10159448643 
9 0.137092507178 0.11371744621 0.0282698421814 1.10350934794 
10 0.139982116799 0.116261071676 0.0315842735592 1.10552426474 
11 0.142650539166 0.118661677576 0.0351554086238 1.10738064644 
12 0.145346173083 0.120921378681 0.0395742428834 1.10918476086 
13 0.147720546313 0.123317836669 0.0451377301228 1.11097569374 
14 0.149928753789 0.125487490183 0.05 1.11270106758 
15 0.152122860396 0.127759912482 0.0538461538462 1.11438806464 
16 0.154358680012 0.12965791261 0.0566523552469 1.11612348375 
17 0.156310848252 0.131456374416 0.058928585153 1.11777479079 
18 0.158241578221 0.13317484916 0.0608805773755 1.11921636498 
19 0.160125808912 0.134766577436 0.0625217031003 1.12065607876 
20 0.161912042301 0.136384780898 0.064 1.12221246492 
21 0.163815527674 0.137794031178 0.0654278124202 1.12364282766 
22 0.165657836706 0.13939040148 0.0667312664543 1.12503965123 
23 0.167389718307 0.14086984146 0.0680514208233 1.12637192242 
24 0.169113219171 0.142286504497 0.0693062036193 1.12777344921 
25 0.170846758284 0.143677807787 0.0706831918959 1.12906170174 
26 0.172506404005 0.144993455571 0.071868769714 1.1305823082 
27 0.174272335244 0.146341700993 0.0730599331853 1.13206705898 
28 0.176037887702 0.147694743295 0.0742462148316 1.13339560919 
28 0.176037887702 0.147694743295 0.0742462148316 1.13339560919 
30 0.179548744091 0.150500581598 0.07672565208 1.1358694568 
31 0.181389674016 0.151820820491 0.0779166666667 1.13712987249 
32 0.183197595115 0.153055646143 0.0790573288995 1.13836002032 
33 0.18520759874 0.154482758621 0.0800626226102 1.13960289898 
34 0.187184501835 0.155746166163 0.0813257934316 1.14089466234 
35 0.189245736133 0.157107415074 0.082492177652 1.14218259378 
36 0.191149837526 0.158407604474 0.0835768261538 1.14348320415 
37 0.19307420736 0.15976601277 0.0847999981411 1.14481537822 
38 0.195084628299 0.161119715459 0.0859720918191 1.14611457864 
39 0.197195720103 0.162436201937 0.0872086863671 1.14734577734 
40 0.199340294888 0.163820453994 0.0883785738254 1.14874485505 
41 0.201568330781 0.165315777242 0.0896298706182 1.14994676275 
42 0.204182142954 0.166937377941 0.0908114033413 1.15123910682 
43 0.206679661941 0.168495671569 0.0920401013111 1.15241815059 
44 0.209673202737 0.170230425724 0.0933625793371 1.15371700303 
45 0.21336027117 0.172103520359 0.0946970032684 1.15490941079 
46 0.216836850685 0.173996137936 0.0960244223839 1.15626339373 
47 0.220713595725 0.176029676665 0.0973899338626 1.1575435352 
48 0.225483553043 0.177991484725 0.0987995021308 1.15886954648 
49 0.23105994792 0.180346090799 0.100364984329 1.16008026354 
50 0.237068591373 0.182910155509 0.101851851852 1.16147590122 
51 0.244446066342 0.185570378364 0.103719635213 1.1627042511 
52 0.25270056296 0.188761805172 0.105714285714 1.16400940437 
53 0.261200830429 0.193138648743 0.108 1.16532387839 
54 0.270264603353 0.198093613418 0.110230559685 1.16670230159 
55 0.278902170582 0.204256038695 0.112798496728 1.16811447277 
56 0.286866979492 0.211586785578 0.115442422307 1.16956042751 
56 0.286866979492 0.211586785578 0.115442422307 1.16956042751 
57 0.293283032382 0.21801841258 0.118312551703 1.17097151603 
59 0.305875973051 0.22873753004 0.123680481479 1.17392918409 
60 0.311682860562 0.233331689753 0.126 1.17544696242 
61 0.316820285781 0.2375 0.128 1.17690158586 
62 0.321961699972 0.241121507533 0.13 1.17844793106 
63 0.326947406936 0.244587040296 0.131824368024 1.17996161518 
64 0.331221209777 0.247924561462 0.133509195645 1.1815243816 
65 0.335111235007 0.251000951749 0.135 1.18312571607 
66 0.339292976936 0.254085079555 0.136683240079 1.18470458894 
67 0.343491368349 0.257231281528 0.138260869565 1.18643522118 
68 0.347574726454 0.260065999676 0.139870699846 1.18819621877 
69 0.351652179652 0.263099123212 0.141372776407 1.18988971626 
70 0.355561581477 0.265993747119 0.142857849896 1.19176505992 
71 0.359 0.268707463293 0.144347826087 1.1935253484 
72 0.362824593874 0.271506027372 0.145833333333 1.19557548228 
73 0.366975737276 0.274514529245 0.147315758734 1.19762132149 
74 0.3708483326 0.277368421053 0.148882692893 1.20012987026 
75 0.374620527781 0.280290048538 0.150412171618 1.20244293504 
76 0.378584809267 0.283059337267 0.152135913872 1.20487464861 
77 0.382636762149 0.285581802864 0.15375 1.20721019041 
78 0.386928029842 0.288073618303 0.155480936604 1.21010922608 
79 0.391390068474 0.290748959756 0.157370227051 1.21282578587 
80 0.39573317154 0.293329303391 0.159213734479 1.21550297722 
81 0.401000189251 0.296 0.161111111111 1.21850902904 
82 0.405898975747 0.298774617526 0.163076923077 1.22194716665 
83 0.411009453749 0.301424669231 0.165264203208 1.22584775607 
84 0.416125122878 0.304285714286 0.167457008326 1.22982281598 
85 0.421684573587 0.307070234437 0.169925732109 1.23423782455 
86 0.427778801444 0.310161468901 0.172318577082 1.2392863479 
87 0.43375 0.31316079226 0.174881700522 1.24482291539 
88 0.440389063624 0.316162965114 0.177606098435 1.25101822578 
89 0.447743932114 0.319365230747 0.18 1.25802566883 
90 0.455272405908 0.322569924736 0.182724656884 1.26555002277 
91 0.46410895932 0.326538022029 0.185714285714 1.27420830073 
92 0.474333119103 0.330346388786 0.188461538462 1.28327623597 
93 0.486343305196 0.334428882505 0.191671229909 1.2932334631 
94 0.499937809332 0.338922660245 0.195 1.30427586934 
95 0.517307692308 0.344189953544 0.198641660421 1.31669121126 
96 0.536428571429 0.349814332352 0.202598039216 1.3291472993 
97 0.563575515348 0.356742575824 0.20736187612 1.34374288515 
98 0.60377172287 0.366484862156 0.213247512395 1.36070223164 
99 0.680909090909 0.382914718004 0.222183428732 1.38425254339 
100 1.79935897436 0.834573707594 0.445881254937 1.62849280926 
