percentile mlu lu90 lu50 ave_hop_count 
0 0.10336420838 0.0223142707526 0.0 1.11019455833 
4 0.343896055521 0.181788399273 0.0 1.15810038364 
9 0.370220123626 0.226968194837 0.0 1.17874110395 
14 0.388729664026 0.258333333333 0.0 1.20670761584 
19 0.40412044374 0.278983671171 0.001 1.24528089923 
25 0.419361069688 0.294305058618 0.00235294117647 1.27892907357 
29 0.43484039948 0.306644754573 0.00386877828054 1.29859466335 
34 0.450730807212 0.317364020166 0.00666666666667 1.32329580072 
39 0.466642339507 0.32756650761 0.0107529908515 1.40480116621 
44 0.484321133412 0.337144447425 0.0164 1.46340057537 
50 0.502558845683 0.346587841417 0.026 1.49128213671 
54 0.520748017515 0.355689004422 0.0400620039683 1.51742466644 
59 0.539070259988 0.365564770556 0.0633333333333 1.539328542 
64 0.558471581996 0.375589674292 0.0865 1.55413546349 
69 0.580372794118 0.387282455818 0.0963157894737 1.57015184883 
75 0.608753023528 0.400274332788 0.103950650516 1.58618224953 
79 0.647401508801 0.415812343281 0.112105263158 1.6077052488 
84 0.727426251909 0.438578624079 0.123157894737 1.65001806203 
89 1.25223662005 0.475814072933 0.171766882785 1.67668194649 
94 2.80288123461 0.619206030151 0.197400360577 1.70440801361 
100 inf 1.87125 0.262891022317 1.81844087502 
