percentile mlu lu90 lu50 ave_hop_count 
0 0.0623914403201 0.0382946557204 0.0079634326245 1.36879583413 
4 0.105473748586 0.0780240941491 0.01484375 1.46709125039 
9 0.114451119805 0.0871968955828 0.0195070552743 1.48125418677 
14 0.120489519515 0.0925260737727 0.0289959255767 1.49037891919 
19 0.125116006491 0.0966394538429 0.0429084450025 1.49985006589 
25 0.129207330128 0.100251327811 0.0494853023363 1.5079197924 
29 0.132893140049 0.10342918088 0.0521392305499 1.51733560844 
34 0.136359023967 0.106267331286 0.0545246342272 1.53364396277 
39 0.139891506725 0.10902174442 0.056764753739 1.55232158845 
44 0.143445079347 0.111819082554 0.0591811176886 1.56140577442 
49 0.147373781974 0.114700096525 0.0615430151937 1.56863014688 
54 0.151401020138 0.117376703054 0.0641144196927 1.57633958719 
59 0.155605548378 0.120422657841 0.0668659917688 1.58267291135 
64 0.160508155809 0.123241724418 0.0697585475723 1.58961107341 
69 0.165428634099 0.126757624709 0.0727246554119 1.59636181471 
74 0.171031137002 0.130418396833 0.0756777733519 1.60194735059 
79 0.178004039032 0.134761523716 0.0784615003717 1.60758136759 
84 0.187076369932 0.139476476718 0.0820005840383 1.621297401 
89 0.199802008284 0.145435206122 0.0864356443727 1.63269677842 
94 0.229037289461 0.156133785465 0.1121587784503 1.64862154335 
100 1.06452836315 0.379481762611 0.156070544669 1.69336667327 
