percentile mlu lu90 lu50 ave_hop_count 
0 0.0547095399921 0.011147018323 0.0 1.19798316305 
4 0.136219970182 0.105390625 0.0051953125 1.32214650479 
9 0.152316770052 0.119536431501 0.0407351681009 1.34334767174 
14 0.163444018176 0.130062458381 0.0600927419355 1.3560976229 
19 0.172568362953 0.138976237607 0.0774002173165 1.36661568975 
25 0.181708653301 0.146030998878 0.0911726825592 1.37620960655 
29 0.1907421875 0.152494022895 0.100526100435 1.38436959408 
34 0.200165260887 0.158787148832 0.107984197934 1.39273544199 
39 0.210839949612 0.165482808927 0.114952869208 1.40090469193 
44 0.224958900292 0.173060238171 0.122003959733 1.40888822971 
50 0.245846419598 0.182101875333 0.129455385176 1.4164328853 
54 0.277872531162 0.197160315666 0.138745210447 1.42436911837 
59 0.309738943392 0.223596037528 0.151472950804 1.43242701141 
64 0.335679907855 0.241959024523 0.164302454778 1.44008500718 
69 0.359696273305 0.257036768375 0.17517778237 1.44723369531 
75 0.386237271204 0.270551737422 0.1862890625 1.45390995699 
79 0.415661929566 0.284406648806 0.198149711469 1.46036636041 
84 0.452800172604 0.298359375 0.212563765363 1.46752099243 
89 0.500501455643 0.314792064508 0.231441424468 1.47714546915 
94 0.572111716289 0.338257124343 0.252079330092 1.49311748374 
100 1.5932015026 1.332375 0.335525808803 1.68277519937 
