percentile mlu lu90 lu50 ave_hop_count 
0 0.077 0.0107385562661 0.0 1.00183455676 
4 0.146635683819 0.106962211212 0.0 1.00999090803 
9 0.164544843213 0.122304499171 0.0190199120139 1.01373789524 
14 0.177302494029 0.133196187835 0.0292857142857 1.01599048614 
19 0.187688243313 0.142 0.0407692307692 1.02339566563 
25 0.197579012455 0.149670953236 0.0488888888889 1.02685868643 
29 0.207514587773 0.156570027842 0.0544444444444 1.03001515494 
34 0.218403593133 0.163065417324 0.0590363877206 1.03376988446 
39 0.232086609483 0.170414071686 0.0628628444281 1.03685431254 
44 0.252148871174 0.178888888889 0.0672868778207 1.03999568423 
50 0.292893907192 0.190249918631 0.0726086956522 1.04290784284 
54 0.347586206897 0.212580645161 0.0788662235912 1.04596669485 
59 0.381333333333 0.243412294957 0.0851625156337 1.05016301236 
64 0.406977892049 0.2608 0.093125 1.05507330784 
69 0.432916666667 0.274545454545 0.102249292682 1.06217870489 
75 0.461333333333 0.286666666667 0.112857142857 1.066957172 
79 0.494482677836 0.298334358291 0.124615384615 1.07410875618 
84 0.536743250445 0.310740740741 0.137088094163 1.08157033074 
89 0.594401589944 0.325909090909 0.15 1.09096838438 
94 0.697647058824 0.3456 0.162727272727 1.10924237833 
100 3.745 0.875 0.4138167162 1.24716898769 
