percentile mlu lu90 lu50 ave_hop_count 
0 0.028359375 0.0230376838235 0.0 1.0132934236 
5 0.0870703125 0.0870703125 0.00685714285714 1.04953827167 
10 0.0994140625 0.0994140625 0.0266666666667 1.05644805074 
15 0.1088671875 0.1088671875 0.04 1.06163779327 
20 0.1176171875 0.1176171875 0.0525 1.06629740094 
25 0.1244921875 0.1244921875 0.062 1.0705152153 
30 0.1307421875 0.1307421875 0.0692857142857 1.07474456332 
35 0.1366796875 0.1366796875 0.0758333333333 1.0789399892 
40 0.1428515625 0.1428515625 0.082962962963 1.08319636955 
45 0.149349593496 0.149349593496 0.09 1.08755369647 
50 0.1576171875 0.1576171875 0.0975477430556 1.09227677806 
55 0.1704296875 0.1704296875 0.10559375 1.09710968432 
60 0.1967578125 0.1967578125 0.114754050926 1.10237609153 
65 0.214765625 0.214765625 0.124375 1.10830784221 
70 0.2291796875 0.2291796875 0.134375 1.11482589771 
75 0.2428 0.2428 0.144765625 1.1220785008 
80 0.25671875 0.25671875 0.155625 1.13041066247 
85 0.2705078125 0.2705078125 0.167858072917 1.14144415216 
90 0.2848046875 0.2848046875 0.18375390625 1.15563805123 
95 0.3027734375 0.3027734375 0.206279761905 1.17808136577 
100 0.693828125 0.693828125 0.509090909091 1.46719135411 
