percentile mlu lu90 lu50 ave_hop_count 
0 0.028359375 0.0228125 0.0 1.03059166209 
4 0.088515625 0.088515625 0.00695652173913 1.071585978 
9 0.1004296875 0.1004296875 0.0319140625 1.08209612067 
14 0.1100390625 0.1100390625 0.0466666666667 1.09022252293 
19 0.118515625 0.118515625 0.0601388888889 1.09808663922 
25 0.1253515625 0.1253515625 0.0693333333333 1.1059394384 
29 0.13140625 0.13140625 0.0762152777778 1.11359951294 
34 0.13734375 0.13734375 0.08333203125 1.12155281495 
39 0.143515625 0.143515625 0.0909090909091 1.1290595879 
44 0.1501171875 0.1501171875 0.099 1.13670177486 
49 0.15859375 0.15859375 0.107209821429 1.14435908793 
54 0.1726953125 0.1726953125 0.116044921875 1.15191023465 
59 0.1992578125 0.1992578125 0.125615699405 1.15940757878 
64 0.21625 0.21625 0.1367578125 1.16777096245 
69 0.230862745098 0.230862745098 0.14875 1.17620050914 
74 0.2441015625 0.2441015625 0.162569247159 1.18538597039 
79 0.2580078125 0.2580078125 0.177591836735 1.19555566657 
84 0.2715234375 0.2715234375 0.19265625 1.20827833107 
89 0.2856640625 0.2856640625 0.208649553571 1.22473609338 
94 0.303554216867 0.303515625 0.231076388889 1.26103615405 
100 0.693828125 0.693828125 0.557389322917 1.54594923592 
