percentile mlu lu90 lu50 ave_hop_count 
0 0.211666666667 0.0248648648649 0.0 1.03707373156 
4 0.407828858546 0.18875 0.0 1.05724193046 
9 0.513395289966 0.237777777778 0.0 1.09824055266 
14 0.576136811064 0.273125 0.0 1.42622140181 
19 0.613591042754 0.294494948714 0.0 1.4710911483 
25 0.644583333333 0.311666666667 0.0 1.50880740234 
29 0.671855376185 0.328004881025 0.0 1.53884967148 
34 0.699056768337 0.344096150684 0.0 1.55693817215 
39 0.724614761567 0.361333333333 0.00142857142857 1.57095108916 
44 0.752314335919 0.379301610701 0.00333333333333 1.58136623578 
50 0.78285840933 0.398109154191 0.006 1.59299104474 
54 0.819225756995 0.41819119137 0.01 1.60568853594 
59 0.862776340339 0.440119538438 0.0179487179487 1.61676747771 
64 0.918181818182 0.465 0.0361111111111 1.62768505325 
69 0.99470681257 0.492657017606 0.0483333333333 1.63785512431 
75 1.11832498699 0.523125 0.06 1.64749854659 
79 1.31278957431 0.553147938161 0.0741756143304 1.65669502934 
84 1.60257569435 0.587580032161 0.0888888888889 1.66578853184 
89 2.09552334894 0.624082973403 0.184178587362 1.68668259351 
94 3.73997497899 0.691940315974 0.214749614032 1.72099165651 
100 10.75775642 2.30333333333 0.29056821417 1.81293940479 
