percentile mlu lu90 lu50 ave_hop_count 
0 0.028359375 0.0266714015152 0.0 1.05547453187 
4 0.090390625 0.090390625 0.02125 1.10317430796 
9 0.102265625 0.102265625 0.0415651041667 1.11480376979 
14 0.1121484375 0.1121484375 0.0636117788462 1.12370896361 
19 0.12015625 0.12015625 0.0743582589286 1.13133678147 
25 0.1269140625 0.1269140625 0.0824776785714 1.13782206022 
29 0.132890625 0.132890625 0.09 1.14398650691 
34 0.1388671875 0.1388671875 0.0979453125 1.14963231739 
39 0.145 0.145 0.10580078125 1.15508516885 
44 0.1518359375 0.1518359375 0.113888888889 1.16071379396 
50 0.1609375 0.1609375 0.122409274194 1.16629590123 
54 0.1771875 0.1771875 0.1310703125 1.1717925885 
59 0.20328125 0.20328125 0.140555555556 1.17778766791 
64 0.2184765625 0.2184765625 0.150476190476 1.18384238588 
69 0.23234375 0.23234375 0.160856370192 1.19059974867 
75 0.2453515625 0.2453515625 0.17194140625 1.19825297663 
79 0.2589453125 0.2589453125 0.183553685897 1.20713265732 
84 0.272109375 0.272109375 0.195714285714 1.21881188119 
89 0.2860546875 0.2860546875 0.2095703125 1.23453875299 
94 0.3035546875 0.3035546875 0.227619047619 1.26239278867 
100 0.693828125 0.693828125 0.693828125 1.47229648149 
