percentile mlu lu90 lu50 ave_hop_count 
0 0.0884210526316 0.0115375392713 0.0 1.07649523909 
4 0.14165559308 0.104746908748 0.018125 1.10231711137 
9 0.158255610476 0.118299328341 0.0303924380194 1.11011280073 
14 0.170538980255 0.128878447289 0.0489438946265 1.11738640211 
19 0.181066984284 0.136653227654 0.0642580413823 1.12337514489 
25 0.190880024878 0.143316546444 0.0711158133845 1.12967428809 
29 0.2019149827 0.149884421758 0.078036442944 1.13585816338 
34 0.214681073139 0.1562059335 0.0841090406047 1.14172821657 
39 0.232954046679 0.163036073103 0.0901951996392 1.14791874428 
44 0.263519011488 0.171059207108 0.0966666666667 1.15340408459 
50 0.303172620207 0.182062961526 0.104334278655 1.15960407138 
54 0.335 0.20374829662 0.114545454545 1.16469701082 
59 0.362057428445 0.227391304348 0.12884480985 1.17024887211 
64 0.388127460393 0.242590906387 0.139332370991 1.17647848942 
69 0.418141039947 0.256123696526 0.147692307692 1.18434858251 
75 0.454089075101 0.269061791625 0.156770924683 1.19148862451 
79 0.4956827205 0.281344661243 0.166929229341 1.20098643859 
84 0.552892764232 0.294177762155 0.180765395271 1.21237103198 
89 0.643260862886 0.308874713372 0.197857142857 1.23309277966 
94 0.878461538462 0.328602461858 0.21715709645 1.28062768337 
100 5.80175949691 0.908361153278 0.532430846295 1.53490518829 
