percentile mlu lu90 lu50 ave_hop_count 
0 0.0926671576671 0.0122399787471 0.0 1.20292545098 
4 0.165143354669 0.114692747201 0.0132889977107 1.28189973446 
9 0.179674413963 0.129016927083 0.0464066783169 1.2909636744 
14 0.190095 0.138582909689 0.0586352089724 1.29930084554 
19 0.199346069467 0.146504596278 0.077988296751 1.30858497804 
25 0.208471337034 0.153943055807 0.0898713872367 1.3184047336 
29 0.218063493527 0.160901109473 0.0975584671976 1.32935756573 
34 0.227962540434 0.168346487772 0.10390625 1.33904263453 
39 0.237966864224 0.176644104251 0.110321875 1.35581424044 
44 0.250724198191 0.18590429517 0.115941807889 1.38790106089 
49 0.269590265288 0.198245301526 0.120815785808 1.40305543205 
54 0.314660395408 0.228025292846 0.125419023086 1.41407916252 
59 0.369747778799 0.274190675888 0.130172680674 1.42299222376 
64 0.398691312799 0.2961328125 0.135243459302 1.43229996796 
69 0.421600779011 0.31295342621 0.141054645988 1.44311282125 
75 0.44241504031 0.328345905172 0.148995891549 1.45201892931 
79 0.463004910714 0.342705706652 0.163164867083 1.46088298552 
84 0.485196274958 0.358029598214 0.1848046875 1.46996910449 
89 0.514901571027 0.374485801486 0.206844023058 1.47888198398 
94 0.566504658899 0.396909866863 0.22934849068 1.4997068405 
100 1.35778373972 0.926426761023 0.619784526139 1.69214077327 
