percentile mlu lu90 lu50 ave_hop_count 
0 0.03544921875 0.012109375 0.00537109375 2.0 
1 0.08173828125 0.074755859375 0.008154296875 2.0 
2 0.093017578125 0.085302734375 0.008984375 2.0 
3 0.09951171875 0.0912109375 0.010888671875 2.0 
4 0.1048828125 0.095458984375 0.01318359375 2.0 
5 0.1087890625 0.0990234375 0.015966796875 2.0 
6 0.112451171875 0.102294921875 0.02568359375 2.0 
7 0.115576171875 0.105126953125 0.040234375 2.0 
8 0.11875 0.10810546875 0.045751953125 2.0 
9 0.121484375 0.110888671875 0.048779296875 2.0 
10 0.12412109375 0.1134765625 0.05107421875 2.0 
11 0.126611328125 0.116064453125 0.053662109375 2.0 
12 0.12890625 0.1185546875 0.05634765625 2.0 
13 0.13134765625 0.12099609375 0.05888671875 2.0 
14 0.13369140625 0.123388671875 0.061474609375 2.0 
15 0.1359375 0.1255859375 0.06455078125 2.0 
16 0.13828125 0.127734375 0.06728515625 2.0 
17 0.140673828125 0.129931640625 0.06982421875 2.0 
18 0.14287109375 0.13203125 0.07197265625 2.0 
19 0.144921875 0.134033203125 0.074267578125 2.0 
20 0.146875 0.135888671875 0.076416015625 2.0 
21 0.1486328125 0.137939453125 0.078564453125 2.0 
22 0.150341796875 0.139794921875 0.080712890625 2.0 
23 0.152099609375 0.141552734375 0.082568359375 2.0 
24 0.15380859375 0.14326171875 0.084423828125 2.0 
25 0.155419921875 0.144970703125 0.08603515625 2.0 
26 0.15712890625 0.14658203125 0.08740234375 2.0 
27 0.1587890625 0.148193359375 0.088720703125 2.0 
28 0.160302734375 0.14970703125 0.089892578125 2.0 
28 0.160302734375 0.14970703125 0.089892578125 2.0 
30 0.163232421875 0.152587890625 0.0923828125 2.0 
31 0.164697265625 0.15400390625 0.0935546875 2.0 
32 0.166162109375 0.15546875 0.09462890625 2.0 
33 0.167578125 0.156884765625 0.095703125 2.0 
34 0.169091796875 0.15830078125 0.096728515625 2.0 
35 0.170654296875 0.159814453125 0.09775390625 2.0 
36 0.172216796875 0.161279296875 0.098876953125 2.0 
37 0.173681640625 0.162744140625 0.1 2.0 
38 0.17529296875 0.16435546875 0.101171875 2.0 
39 0.176904296875 0.1658203125 0.1025390625 2.0 
40 0.178369140625 0.1673828125 0.10390625 2.0 
41 0.1798828125 0.168994140625 0.105322265625 2.0 
42 0.181494140625 0.170654296875 0.106689453125 2.0 
43 0.18310546875 0.1724609375 0.10810546875 2.0 
44 0.184814453125 0.174169921875 0.10966796875 2.0 
45 0.186474609375 0.175927734375 0.111279296875 2.0 
46 0.188330078125 0.177490234375 0.112890625 2.0 
47 0.190283203125 0.179345703125 0.114453125 2.0 
48 0.1923828125 0.181201171875 0.1162109375 2.0 
49 0.194580078125 0.183251953125 0.118017578125 2.0 
50 0.196875 0.185498046875 0.119921875 2.0 
51 0.19921875 0.187548828125 0.12197265625 2.0 
52 0.20224609375 0.189794921875 0.12412109375 2.0 
53 0.205419921875 0.192578125 0.126416015625 2.0 
54 0.209130859375 0.195361328125 0.128857421875 2.0 
55 0.213037109375 0.198486328125 0.1314453125 2.0 
56 0.21787109375 0.20205078125 0.133984375 2.0 
56 0.21787109375 0.20205078125 0.133984375 2.0 
57 0.22392578125 0.2056640625 0.136376953125 2.0 
59 0.23916015625 0.2138671875 0.141650390625 2.0 
60 0.245751953125 0.218115234375 0.14384765625 2.0 
61 0.251318359375 0.222021484375 0.145849609375 2.0 
62 0.25615234375 0.225634765625 0.147998046875 2.0 
63 0.260400390625 0.229443359375 0.14990234375 2.0 
64 0.264404296875 0.2328125 0.151708984375 2.0 
65 0.268310546875 0.23583984375 0.153515625 2.0 
66 0.271826171875 0.23876953125 0.15537109375 2.0 
67 0.275537109375 0.241943359375 0.156982421875 2.0 
68 0.27900390625 0.244873046875 0.15869140625 2.0 
69 0.28291015625 0.247314453125 0.160302734375 2.0 
70 0.28642578125 0.24970703125 0.162109375 2.0 
71 0.289990234375 0.25234375 0.1638671875 2.0 
72 0.293408203125 0.2546875 0.1654296875 2.0 
73 0.296630859375 0.257177734375 0.16708984375 2.0 
74 0.300048828125 0.259619140625 0.168896484375 2.0 
75 0.30341796875 0.26220703125 0.1705078125 2.0 
76 0.306787109375 0.264794921875 0.17236328125 2.0 
77 0.310400390625 0.267333984375 0.17412109375 2.0 
78 0.3140625 0.269775390625 0.1759765625 2.0 
79 0.317431640625 0.27216796875 0.177880859375 2.0 
80 0.3208984375 0.2748046875 0.179833984375 2.0 
81 0.32451171875 0.2771484375 0.181787109375 2.0 
82 0.327685546875 0.2798828125 0.183837890625 2.0 
83 0.33134765625 0.282568359375 0.1857421875 2.0 
84 0.334814453125 0.2853515625 0.187744140625 2.0 
85 0.338134765625 0.28798828125 0.18984375 2.0 
86 0.3416015625 0.290771484375 0.192333984375 2.0 
87 0.34501953125 0.293701171875 0.19482421875 2.0 
88 0.348779296875 0.29658203125 0.197509765625 2.0 
89 0.352197265625 0.299658203125 0.20078125 2.0 
90 0.35595703125 0.302734375 0.204052734375 2.0 
91 0.360107421875 0.30576171875 0.207421875 2.0 
92 0.364208984375 0.3091796875 0.211279296875 2.0 
93 0.36845703125 0.312841796875 0.21572265625 2.0 
94 0.373095703125 0.316748046875 0.220556640625 2.0 
95 0.37841796875 0.321533203125 0.225634765625 2.0 
96 0.384375 0.327587890625 0.231201171875 2.0 
97 0.39228515625 0.334130859375 0.236865234375 2.0 
98 0.40341796875 0.34296875 0.243798828125 2.0 
99 0.420263671875 0.35703125 0.25224609375 2.0 
100 0.86728515625 0.8423828125 0.609912109375 2.0 
