x_axis k1_alu_fte k1_alu_ste k1_lu90_fte k1_lu90_ste k1_mlu_fte k1_mlu_ste k1_stretch_fte k1_stretch_ste k4_alu_fte k4_alu_ste k4_lu90_fte k4_lu90_ste k4_mlu_fte k4_mlu_ste k4_stretch_fte k4_stretch_ste 
0 0.260419 0.267157 0.453965 0.465796 0.467714 0.470329 5.430432 5.943399 0.260419 0.270267 0.453965 0.470329 0.467714 0.465796 5.430432 5.651649 
1 0.261626 0.268039 0.464531 0.472114 0.474725 0.477082 5.456091 5.975052 0.261626 0.271426 0.464531 0.477082 0.474725 0.472114 5.456091 5.772324 
2 0.262336 0.268676 0.468192 0.472898 0.47591 0.47792 5.465841 5.999043 0.262336 0.272165 0.468134 0.47792 0.47591 0.472898 5.465841 5.780802 
3 0.262717 0.269181 0.470996 0.47496 0.477146 0.480124 5.473161 6.016473 0.262717 0.272385 0.47097 0.480124 0.477146 0.47496 5.472885 5.786622 
4 0.263041 0.269505 0.472732 0.476299 0.478231 0.481556 5.478411 6.025221 0.263048 0.272753 0.472732 0.481556 0.478231 0.476299 5.477964 5.790705 
5 0.263347 0.269726 0.473491 0.476844 0.478681 0.482139 5.485956 6.035457 0.263358 0.273092 0.473491 0.482139 0.478681 0.476844 5.485698 5.792616 
6 0.263499 0.270233 0.474115 0.4778 0.479341 0.48316 5.489019 6.039519 0.26351 0.27337 0.474115 0.48316 0.479341 0.4778 5.488896 5.796075 
7 0.263654 0.270439 0.475054 0.478502 0.480046 0.48391 5.498499 6.053658 0.263654 0.273758 0.475054 0.48391 0.480046 0.478502 5.498112 5.7993 
8 0.263854 0.270637 0.476003 0.47891 0.480557 0.484347 5.504118 6.056106 0.263861 0.27436 0.476003 0.484347 0.480557 0.47891 5.503914 5.800392 
9 0.264051 0.270853 0.476588 0.479327 0.480877 0.484792 5.508525 6.060963 0.26406 0.274771 0.476588 0.484792 0.480877 0.479327 5.508207 5.803953 
10 0.264249 0.27133 0.477507 0.479713 0.481397 0.485205 5.514 6.066078 0.264258 0.274887 0.477507 0.485205 0.481397 0.479713 5.513181 5.806269 
11 0.26435 0.271502 0.478097 0.480071 0.48158 0.485587 5.519397 6.071403 0.264349 0.275018 0.478097 0.485587 0.48158 0.480071 5.518671 5.809665 
12 0.264487 0.271685 0.478558 0.480523 0.482309 0.486071 5.523288 6.078759 0.264483 0.275153 0.478558 0.486071 0.482309 0.480523 5.522979 5.813316 
13 0.264624 0.271876 0.47884 0.480718 0.482623 0.486279 5.526825 6.086841 0.264624 0.275365 0.47884 0.486279 0.482623 0.480718 5.526561 5.816862 
14 0.264732 0.272057 0.479362 0.480916 0.483187 0.48649 5.532117 6.092244 0.264732 0.275528 0.479362 0.48649 0.483187 0.480916 5.531901 5.819853 
15 0.264839 0.272266 0.479869 0.481301 0.484059 0.486902 5.534889 6.104526 0.264839 0.275749 0.479869 0.486902 0.484059 0.481301 5.534652 5.823612 
16 0.264968 0.27241 0.480485 0.481731 0.484531 0.487361 5.538798 6.112275 0.264968 0.276176 0.480485 0.487361 0.484531 0.481731 5.538798 5.829519 
17 0.265033 0.272621 0.480787 0.482079 0.484807 0.487734 5.54127 6.122232 0.265033 0.276713 0.480787 0.487734 0.484807 0.482079 5.54127 5.837013 
18 0.265144 0.272732 0.481302 0.483029 0.485439 0.488749 5.544351 6.127386 0.265164 0.276846 0.481302 0.488749 0.485439 0.483029 5.544351 5.840838 
19 0.26531 0.272838 0.481541 0.483778 0.486035 0.48955 5.547111 6.134415 0.265331 0.276972 0.481541 0.48955 0.486035 0.483778 5.546763 5.846718 
20 0.265436 0.27293 0.481926 0.484598 0.486355 0.490427 5.548503 6.141615 0.265436 0.277029 0.481926 0.490427 0.486355 0.484598 5.54826 5.850456 
21 0.265528 0.273051 0.482204 0.485291 0.486911 0.491167 5.551737 6.150417 0.265534 0.277126 0.482204 0.491167 0.486911 0.485291 5.551581 5.856336 
22 0.265612 0.273177 0.482589 0.485725 0.487383 0.491631 5.553699 6.159612 0.265642 0.277235 0.482606 0.491631 0.487383 0.485725 5.553555 5.861403 
23 0.265749 0.273367 0.483096 0.486066 0.487999 0.491995 5.555409 6.181527 0.265784 0.277352 0.483124 0.491995 0.487999 0.486066 5.555325 5.869389 
24 0.265903 0.273506 0.483452 0.486395 0.488281 0.492347 5.557755 6.187938 0.265925 0.277483 0.483458 0.492347 0.488279 0.486395 5.557677 5.873769 
25 0.265995 0.273611 0.484051 0.486807 0.48854 0.492787 5.559933 6.197847 0.266007 0.277605 0.484059 0.492787 0.488538 0.486807 5.559891 5.876937 
26 0.266111 0.273694 0.484397 0.487037 0.489062 0.493033 5.562804 6.209511 0.266117 0.277704 0.484428 0.493033 0.489014 0.487037 5.562495 5.883456 
27 0.266214 0.273848 0.484743 0.487509 0.489585 0.493537 5.565576 6.218751 0.26623 0.277899 0.484771 0.493537 0.489585 0.487509 5.565228 5.888307 
28 0.266285 0.273994 0.485289 0.488014 0.490017 0.494077 5.569167 6.224784 0.266285 0.278094 0.485309 0.494077 0.490017 0.488014 5.569011 5.894262 
29 0.266375 0.274119 0.485834 0.488277 0.490442 0.494358 5.570445 6.235407 0.266375 0.278257 0.485862 0.494358 0.490442 0.488277 5.570403 5.898489 
30 0.2665 0.274342 0.486237 0.489014 0.490731 0.495146 5.571966 6.246384 0.266488 0.278353 0.486299 0.495146 0.490731 0.489014 5.571966 5.902713 
31 0.26664 0.274556 0.486482 0.489454 0.490996 0.495617 5.574324 6.255771 0.266626 0.278424 0.486556 0.495617 0.490996 0.489454 5.574357 5.905785 
32 0.26675 0.27473 0.486978 0.490054 0.491398 0.496258 5.577357 6.267081 0.266743 0.278471 0.487106 0.496258 0.491398 0.490054 5.577357 5.90937 
33 0.26692 0.274868 0.487396 0.49059 0.491682 0.496831 5.579046 6.277596 0.266913 0.27854 0.487621 0.496831 0.491682 0.49059 5.579046 5.912052 
34 0.26704 0.274965 0.487899 0.490923 0.49191 0.497187 5.580267 6.284394 0.267028 0.278741 0.488014 0.497187 0.49191 0.490923 5.580267 5.91759 
35 0.267108 0.27506 0.488388 0.49135 0.492664 0.497769 5.582958 6.290961 0.267103 0.278866 0.488437 0.497769 0.492649 0.49135 5.582958 5.921613 
36 0.267202 0.275205 0.488583 0.491726 0.49317 0.498168 5.584893 6.297117 0.267197 0.278927 0.488638 0.498168 0.493166 0.491726 5.584893 5.925309 
37 0.267349 0.275282 0.489006 0.49227 0.493365 0.49892 5.586813 6.314346 0.267343 0.27898 0.489063 0.49892 0.493357 0.49227 5.586813 5.928948 
38 0.267478 0.275382 0.489541 0.492578 0.493624 0.499371 5.588727 6.321432 0.267477 0.279034 0.489562 0.499371 0.493624 0.492578 5.588862 5.932095 
39 0.267664 0.275481 0.489981 0.492967 0.493812 0.49969 5.590254 6.330696 0.267643 0.279128 0.489983 0.49969 0.493812 0.492967 5.590512 5.935665 
40 0.267745 0.275619 0.490221 0.493255 0.494034 0.500129 5.592195 6.338016 0.267736 0.279281 0.490351 0.500129 0.494034 0.493255 5.592507 5.940276 
41 0.267983 0.275731 0.490597 0.493649 0.494479 0.500416 5.594781 6.35022 0.267961 0.279357 0.490613 0.500416 0.494479 0.493649 5.594928 5.94381 
42 0.268153 0.275923 0.490923 0.493905 0.495132 0.501278 5.596683 6.363297 0.268127 0.279494 0.49094 0.501278 0.495132 0.493905 5.596749 5.946051 
43 0.268243 0.275993 0.491096 0.494124 0.495404 0.501993 5.598747 6.37518 0.26824 0.279688 0.491107 0.501993 0.495404 0.494124 5.598954 5.947587 
44 0.268423 0.276087 0.491565 0.49517 0.495632 0.502705 5.602227 6.383046 0.2684 0.279841 0.491566 0.502705 0.495632 0.49517 5.602233 5.949591 
45 0.268566 0.276194 0.491807 0.49559 0.495881 0.503525 5.604147 6.390852 0.268547 0.279964 0.491828 0.503525 0.495881 0.49559 5.604147 5.952687 
46 0.268681 0.276285 0.492358 0.495937 0.496274 0.504715 5.606871 6.401097 0.268675 0.280104 0.492358 0.504715 0.496274 0.495937 5.606871 5.956029 
47 0.268828 0.276376 0.492918 0.49676 0.496686 0.505582 5.608677 6.40632 0.268819 0.280203 0.492918 0.505582 0.496686 0.49676 5.608677 5.959761 
48 0.269007 0.276559 0.493265 0.497441 0.497241 0.506101 5.611737 6.411156 0.268987 0.280302 0.493265 0.506101 0.497241 0.497441 5.611737 5.962908 
49 0.269123 0.276724 0.493432 0.498088 0.497716 0.507251 5.612985 6.413523 0.269109 0.280515 0.493432 0.507251 0.497716 0.498088 5.612985 5.967603 
50 0.269374 0.276866 0.493657 0.498944 0.497939 0.507608 5.61588 6.416427 0.269372 0.280641 0.493657 0.507608 0.497939 0.498944 5.61588 5.972775 
51 0.269532 0.277085 0.493939 0.500322 0.498128 0.507879 5.619498 6.423834 0.269517 0.280918 0.493939 0.507879 0.498128 0.500322 5.619438 5.975523 
52 0.269701 0.277428 0.49427 0.50078 0.49867 0.508539 5.623206 6.427206 0.269701 0.281032 0.494109 0.508539 0.49867 0.50078 5.623161 5.979402 
53 0.269963 0.277755 0.494861 0.501234 0.499312 0.509121 5.624946 6.431616 0.269963 0.281114 0.494798 0.509121 0.499312 0.501234 5.624904 5.982477 
54 0.270164 0.278016 0.49526 0.501674 0.500178 0.50995 5.628762 6.43434 0.270164 0.28117 0.495245 0.50995 0.500178 0.501674 5.628762 5.985663 
55 0.27071 0.27821 0.495533 0.502063 0.500456 0.511076 5.635077 6.438552 0.27071 0.281364 0.495532 0.511076 0.500456 0.502063 5.635077 5.988105 
56 0.271086 0.278546 0.495861 0.50273 0.500686 0.511683 5.6391 6.444678 0.271086 0.281453 0.495861 0.511683 0.500686 0.50273 5.6391 5.991516 
57 0.27144 0.278896 0.496239 0.503178 0.501436 0.513132 5.64129 6.448176 0.27144 0.281534 0.496239 0.513132 0.501436 0.503178 5.64129 5.994858 
58 0.271889 0.27906 0.496634 0.503762 0.501806 0.5145 5.644779 6.454923 0.271889 0.281656 0.496634 0.5145 0.501806 0.503762 5.644779 5.999124 
59 0.272256 0.279572 0.496772 0.504564 0.502319 0.516403 5.650899 6.458868 0.272256 0.281766 0.496772 0.516403 0.502319 0.504564 5.650899 6.003093 
60 0.27279 0.280693 0.49751 0.504858 0.502956 0.518165 5.655459 6.464703 0.27279 0.281913 0.49751 0.518165 0.502956 0.504858 5.655459 6.008472 
61 0.273089 0.281254 0.497878 0.505713 0.503321 0.518444 5.661432 6.468882 0.273089 0.282087 0.497878 0.518444 0.503321 0.505713 5.661258 6.011724 
62 0.273583 0.281575 0.498061 0.506442 0.503891 0.518736 5.672085 6.474471 0.273583 0.282245 0.498061 0.518736 0.503891 0.506442 5.67201 6.017658 
63 0.27446 0.281867 0.498443 0.507132 0.504485 0.51938 5.682072 6.478734 0.27446 0.282453 0.498443 0.51938 0.504485 0.507132 5.681118 6.022953 
64 0.274958 0.282908 0.499153 0.508095 0.505149 0.520378 5.689272 6.482751 0.274958 0.282836 0.499153 0.520378 0.505149 0.508095 5.689113 6.027309 
65 0.276249 0.283261 0.499821 0.50884 0.505962 0.520796 5.698044 6.484404 0.276249 0.283038 0.499821 0.520796 0.505962 0.50884 5.696682 6.031926 
66 0.277209 0.284162 0.500338 0.510079 0.506643 0.521494 5.710218 6.488745 0.277209 0.283353 0.500338 0.521494 0.506643 0.510079 5.709 6.035532 
67 0.278498 0.284395 0.500523 0.510876 0.507235 0.523295 5.72499 6.490779 0.278498 0.283532 0.500523 0.523295 0.507235 0.510876 5.7246 6.03804 
68 0.279609 0.284824 0.50117 0.511092 0.508 0.523981 5.745984 6.492966 0.279609 0.283739 0.50117 0.523981 0.508 0.511092 5.744046 6.041946 
69 0.28035 0.285078 0.502157 0.512552 0.508863 0.524757 5.788245 6.496254 0.28035 0.283888 0.502157 0.524757 0.508863 0.512552 5.788245 6.046251 
70 0.281001 0.285292 0.502555 0.513212 0.510143 0.525678 5.808156 6.50115 0.281001 0.284563 0.502555 0.525678 0.510143 0.513212 5.808156 6.049647 
71 0.281487 0.285632 0.503199 0.514222 0.510926 0.526252 5.844402 6.505653 0.281487 0.284808 0.503199 0.526252 0.510926 0.514222 5.844402 6.051519 
72 0.282088 0.285891 0.503589 0.515189 0.512424 0.527566 5.889456 6.511689 0.282088 0.2852 0.503589 0.527566 0.512424 0.515189 5.889456 6.05574 
73 0.282616 0.28626 0.504642 0.515937 0.51296 0.528242 5.924229 6.514377 0.282616 0.285608 0.504642 0.528242 0.51296 0.515937 5.924229 6.058509 
74 0.28294 0.286449 0.505269 0.516577 0.513813 0.530014 5.98566 6.518049 0.28294 0.285784 0.505269 0.530014 0.513813 0.516577 5.98566 6.063807 
75 0.283562 0.287406 0.506467 0.516961 0.515038 0.531574 6.061692 6.52146 0.283562 0.286106 0.506445 0.531574 0.515038 0.516961 6.061692 6.067974 
76 0.284202 0.288182 0.507173 0.517529 0.516098 0.532999 6.098793 6.524301 0.284202 0.286509 0.507122 0.532999 0.516098 0.517529 6.098793 6.073044 
77 0.284477 0.288796 0.508754 0.518169 0.517002 0.533565 6.138111 6.529821 0.284477 0.287028 0.508754 0.533565 0.517002 0.518169 6.138111 6.076407 
78 0.285042 0.28925 0.510036 0.518981 0.518458 0.53436 6.168279 6.536025 0.285042 0.287434 0.510036 0.53436 0.518458 0.518981 6.168279 6.080259 
79 0.285559 0.28955 0.511433 0.519237 0.519274 0.535488 6.184491 6.540228 0.285575 0.287818 0.511433 0.535488 0.519274 0.519237 6.184491 6.084948 
80 0.286056 0.290327 0.512539 0.521027 0.520393 0.53639 6.195054 6.545613 0.286056 0.288357 0.512539 0.53639 0.520393 0.521027 6.195054 6.087948 
81 0.286672 0.291173 0.513688 0.521788 0.520892 0.537407 6.225861 6.549867 0.286672 0.288744 0.513688 0.537407 0.520892 0.521788 6.225861 6.091917 
82 0.287054 0.292162 0.515195 0.523564 0.522904 0.538062 6.253938 6.554661 0.287054 0.289163 0.515195 0.538062 0.522904 0.523564 6.253938 6.095454 
83 0.287674 0.292793 0.51593 0.524256 0.524124 0.538731 6.298896 6.558816 0.287674 0.289531 0.515972 0.538731 0.524124 0.524256 6.298896 6.09774 
84 0.288084 0.293652 0.516943 0.524521 0.525363 0.539354 6.3405 6.568467 0.288084 0.290041 0.516964 0.539354 0.525447 0.524521 6.3405 6.100434 
85 0.28872 0.294187 0.518144 0.524768 0.526287 0.540215 6.364125 6.577725 0.28872 0.290569 0.518458 0.540215 0.526287 0.524768 6.364125 6.103704 
86 0.289448 0.294532 0.519479 0.5264 0.528045 0.541279 6.384735 6.587229 0.289448 0.291011 0.519546 0.541279 0.527966 0.5264 6.384735 6.106659 
87 0.290865 0.295186 0.520683 0.527303 0.529151 0.542424 6.410688 6.592761 0.290865 0.291562 0.520747 0.542424 0.529151 0.527303 6.410688 6.109152 
88 0.291747 0.29556 0.522161 0.527725 0.530458 0.543396 6.441993 6.595992 0.291747 0.292196 0.522882 0.543396 0.530458 0.527725 6.441993 6.112932 
89 0.292461 0.296022 0.524194 0.528908 0.531506 0.544587 6.476928 6.598509 0.292461 0.292448 0.524296 0.544587 0.531506 0.528908 6.476928 6.11757 
90 0.293122 0.296455 0.525531 0.529264 0.532113 0.545267 6.506688 6.60426 0.293122 0.292882 0.525657 0.545267 0.532113 0.529264 6.506688 6.123501 
91 0.293861 0.296975 0.526877 0.529882 0.533782 0.546599 6.531099 6.610281 0.293861 0.293469 0.527055 0.546599 0.533782 0.529882 6.531099 6.129081 
92 0.294737 0.29728 0.52822 0.530431 0.539527 0.546995 6.558528 6.620643 0.294737 0.294404 0.52822 0.546995 0.539527 0.530431 6.558528 6.132366 
93 0.295345 0.297748 0.529716 0.531249 0.541014 0.547715 6.58326 6.628437 0.295345 0.294894 0.529836 0.547715 0.541014 0.531249 6.58326 6.136248 
94 0.296084 0.298475 0.531004 0.531923 0.543471 0.548969 6.597954 6.634707 0.296084 0.296122 0.53103 0.548969 0.543471 0.531923 6.597954 6.140757 
95 0.296844 0.298924 0.531854 0.534294 0.547518 0.550752 6.607839 6.645936 0.296844 0.296558 0.531893 0.550752 0.547518 0.534294 6.607839 6.144012 
96 0.297864 0.301122 0.533815 0.536075 0.551932 0.552937 6.620979 6.662253 0.297864 0.297116 0.534103 0.552937 0.551932 0.536075 6.620979 6.154134 
97 0.298944 0.30297 0.541623 0.539368 0.556811 0.554843 6.636885 6.67365 0.298944 0.298914 0.542135 0.554843 0.556811 0.539368 6.636885 6.159801 
98 0.30007 0.3042 0.547214 0.541305 0.574189 0.560134 6.656259 6.696267 0.30007 0.300516 0.547518 0.560134 0.574189 0.541305 6.656259 6.173373 
99 0.303497 0.305856 0.553276 0.543966 0.640039 0.606082 6.704025 6.720285 0.303497 0.302213 0.553746 0.606082 0.640039 0.543966 6.704025 6.190137 
100 0.309027 0.308654 0.59703 0.555199 0.897563 0.632255 6.863343 6.780273 0.309027 0.304546 0.59703 0.632255 0.897563 0.555199 6.863343 6.245334 
