nclusters fabric0 fabric1 fabric2 fabric3 fabric4 fabric5 fabric6 fabric7 fabric8 fabric9 fabric10 fabric11 
2 55.6700657437 23.2684167617 36.8177475332 61.5181955425 29.8187069739 6.63624112741 19.9601088649 21.0410505814 26.4863639674 11.2266226596 20.7965020299 16.4227397945 
3 18.0974708425 12.2023279808 9.89181127934 18.4619350496 12.1212570574 3.94803557752 10.7238613566 6.50268698759 18.1627048456 3.93469521191 6.1835756526 15.902383005 
4 7.94171677017 5.34032902789 6.24619120207 8.22985545552 7.32081015183 3.26039466535 7.95094393095 4.67637141451 4.06769747876 2.49937945887 4.36043292388 14.0859932331 
5 5.32917742425 4.9969384977 4.01310861757 3.07389617302 8.09904771903 1.61012081443 3.30007725438 2.30372380858 4.6084115863 2.50351154017 5.37308363817 10.0234467246 
6 5.32810708892 3.30265070269 3.28647024524 3.39191833323 9.74917441523 1.36025351798 1.59829501445 2.02748763464 2.13730114311 2.15852106631 2.54284352186 4.94817488181 
7 3.67541559716 2.26821484353 1.84840359621 3.19635299021 5.40358566288 1.37777594124 1.58817416779 1.47956510833 1.30168810987 1.81623674263 1.74567164053 5.36920598557 
8 2.57904956023 2.12745874529 2.27822973622 1.7347340484 3.99725420774 0.932516138528 1.19508035301 1.53009900661 1.08487985552 0.922335511644 1.39635493426 3.77123141244 
9 2.572131326 1.82002585218 2.274692426 1.53059702952 3.40558129672 0.6495403713 1.22308966988 1.18435006344 1.16325505004 1.31690803019 1.0219662865 5.61864187787 
10 2.11383425696 1.46596200458 1.70156156682 2.21531210065 2.90290621947 0.951818788796 1.06737612279 1.0054257392 0.985811263775 0.964709701236 0.778966188416 3.16633768176 
