mlu_mttoe_1 stretch_mttoe_1 alu_mttoe_1 mlu_pttoe_ave_1 stretch_pttoe_ave_1 alu_pttoe_ave_1 mlu_pttoe_max_1 stretch_pttoe_max_1 alu_pttoe_max_1 mlu_mttoe_12 stretch_mttoe_12 alu_mttoe_12 mlu_pttoe_ave_12 stretch_pttoe_ave_12 alu_pttoe_ave_12 mlu_pttoe_max_12 stretch_pttoe_max_12 alu_pttoe_max_12 mlu_mttoe_288 stretch_mttoe_288 alu_mttoe_288 mlu_pttoe_ave_288 stretch_pttoe_ave_288 alu_pttoe_ave_288 mlu_pttoe_max_288 stretch_pttoe_max_288 alu_pttoe_max_288 mlu_mttoe_2016 stretch_mttoe_2016 alu_mttoe_2016 mlu_pttoe_ave_2016 stretch_pttoe_ave_2016 alu_pttoe_ave_2016 mlu_pttoe_max_2016 stretch_pttoe_max_2016 alu_pttoe_max_2016 
0.48269 5.05877 0.256059608 0.49551 5.16634 0.288798884 0.47776 5.31610 0.279770349 0.49008 5.03626 0.254175401 0.50043 5.17188 0.278707249 0.47776 5.30298 0.278663232 0.49017 5.03765 0.254291670 0.50525 5.13725 0.301788557 0.47776 5.27496 0.276299657 0.49834 5.03626 0.254175401 0.50103 5.28543 0.296643436 0.47776 5.24187 0.273507285 
0.53080 5.13855 0.262737757 0.53592 5.32056 0.290102171 0.52853 5.53982 0.298644611 0.52712 5.12858 0.261903347 0.53569 5.33893 0.276815932 0.52837 5.48515 0.294032186 0.52734 5.13324 0.262293501 0.53701 5.33859 0.286217191 0.52869 5.51479 0.296532909 0.53446 5.13252 0.262233133 0.53612 5.39463 0.294375644 0.52850 5.51369 0.296446028 
0.53909 5.16631 0.265061912 0.54505 5.36404 0.291354339 0.53884 5.58711 0.302634862 0.53737 5.16085 0.264605319 0.54536 5.38609 0.324734683 0.53876 5.53743 0.298442786 0.53739 5.15939 0.264482428 0.54506 5.38017 0.312968927 0.53884 5.56785 0.301009259 0.54180 5.19097 0.267126375 0.54517 5.42296 0.292745592 0.53878 5.56923 0.301127061 
0.54547 5.18779 0.266860518 0.55080 5.39521 0.301852765 0.54618 5.62202 0.305579455 0.54401 5.18752 0.266837470 0.55201 5.41644 0.309271973 0.54606 5.57882 0.301934760 0.54428 5.18300 0.266459532 0.55049 5.41394 0.303509641 0.54616 5.61702 0.305158031 0.54692 5.23321 0.270662685 0.55085 5.44368 0.287317527 0.54606 5.61143 0.304688865 
0.55013 5.20552 0.268344656 0.55567 5.42638 0.282097662 0.55167 5.65326 0.308215371 0.54910 5.21520 0.269154694 0.55753 5.44463 0.290177415 0.55134 5.61498 0.304986204 0.54945 5.20095 0.267961507 0.55460 5.44276 0.303570087 0.55135 5.65134 0.308053760 0.55084 5.25772 0.272713994 0.55558 5.46176 0.296545006 0.55135 5.64607 0.307616622 
0.55491 5.22229 0.269747961 0.56070 5.45322 0.306888609 0.55670 5.68224 0.310660058 0.55376 5.23664 0.270949948 0.56239 5.46760 0.312923158 0.55653 5.64931 0.307882217 0.55403 5.21850 0.269431263 0.55866 5.46829 0.287149530 0.55648 5.68872 0.311206728 0.55515 5.27894 0.274490813 0.56046 5.47676 0.291384290 0.55658 5.68318 0.310740463 
0.55933 5.24185 0.271385685 0.56506 5.47807 0.312833868 0.56170 5.71143 0.313123125 0.55848 5.25546 0.272525407 0.56624 5.48868 0.290982001 0.56155 5.67953 0.310431952 0.55877 5.23539 0.270844902 0.56291 5.49093 0.296985864 0.56154 5.72020 0.313862906 0.55883 5.30145 0.276374964 0.56472 5.49045 0.287368509 0.56154 5.71281 0.313242645 
0.56335 5.25866 0.272793043 0.56902 5.50247 0.305038898 0.56574 5.73787 0.315353729 0.56246 5.27349 0.274034183 0.57033 5.51115 0.311275478 0.56576 5.71263 0.313224271 0.56273 5.25394 0.272397866 0.56645 5.51326 0.299251050 0.56577 5.75044 0.316414506 0.56240 5.32239 0.278128089 0.56847 5.50561 0.312453962 0.56578 5.74376 0.315859364 
0.56748 5.27619 0.274260673 0.57320 5.52484 0.300561016 0.57014 5.76229 0.317413816 0.56697 5.29092 0.275493116 0.57433 5.53223 0.291733457 0.57014 5.74748 0.316164888 0.56729 5.26916 0.273671589 0.57095 5.53730 0.292858039 0.57020 5.78022 0.318927034 0.56674 5.34153 0.279730254 0.57252 5.51877 0.299617190 0.57020 5.77437 0.318444309 
0.57163 5.29577 0.275899320 0.57774 5.54965 0.291017867 0.57481 5.78388 0.319235866 0.57148 5.30649 0.276796643 0.57837 5.55465 0.284937283 0.57481 5.78229 0.319101544 0.57163 5.28825 0.275270375 0.57541 5.55937 0.295480194 0.57495 5.80737 0.321217024 0.57119 5.36770 0.281920634 0.57687 5.53584 0.294488789 0.57491 5.80696 0.321186752 
0.57627 5.31361 0.277393035 0.58282 5.57081 0.285949069 0.57972 5.80650 0.321144150 0.57617 5.32424 0.278282696 0.58341 5.57708 0.291550374 0.57977 5.81611 0.321954252 0.57617 5.30626 0.276777749 0.58039 5.57990 0.278452476 0.57994 5.83936 0.323916328 0.57590 5.39213 0.283966386 0.58167 5.55064 0.287748201 0.57983 5.83693 0.323724214 
0.58209 5.33375 0.279079320 0.58827 5.59124 0.294684255 0.58571 5.82820 0.322974990 0.58222 5.33858 0.279483672 0.58926 5.60258 0.294432310 0.58572 5.85117 0.324912536 0.58230 5.32440 0.278295879 0.58657 5.60310 0.297543382 0.58614 5.86943 0.326453019 0.58196 5.41752 0.286091298 0.58772 5.56867 0.297318998 0.58593 5.86728 0.326307434 
0.58795 5.35245 0.280644736 0.59395 5.61230 0.298058770 0.59208 5.85331 0.325093335 0.58839 5.35731 0.281051010 0.59442 5.62834 0.302274138 0.59222 5.88493 0.327760602 0.58856 5.34511 0.280029865 0.59289 5.62890 0.295960475 0.59223 5.90324 0.329305374 0.58809 5.44466 0.288363537 0.59379 5.58891 0.303264594 0.59222 5.89626 0.328752988 
0.59507 5.37446 0.282486756 0.60112 5.63601 0.298552987 0.59916 5.87597 0.327004678 0.59570 5.37910 0.282874928 0.60076 5.65871 0.301219638 0.59931 5.91868 0.330608087 0.59582 5.36543 0.281730926 0.60001 5.65568 0.290741541 0.59929 5.93682 0.332138954 0.59504 5.47076 0.290548693 0.60116 5.61486 0.290989397 0.59940 5.93061 0.331638741 
0.60270 5.39974 0.284603500 0.60795 5.66094 0.282506355 0.60684 5.90401 0.329370285 0.60296 5.40290 0.284867907 0.60750 5.68926 0.297490172 0.60690 5.95466 0.333644020 0.60304 5.39273 0.284015988 0.60751 5.68485 0.299352748 0.60690 5.97139 0.335055008 0.60265 5.50342 0.293282791 0.60781 5.64640 0.295832206 0.60699 5.96504 0.334522705 
0.61104 5.42785 0.286956592 0.61638 5.69216 0.287160201 0.61557 5.93668 0.332126883 0.61141 5.43233 0.287331011 0.61578 5.72260 0.304688372 0.61557 5.99241 0.336828211 0.61136 5.42092 0.286375941 0.61612 5.71947 0.324700636 0.61562 6.00659 0.338025163 0.61104 5.53756 0.296140867 0.61633 5.68800 0.310731560 0.61574 6.00496 0.337891279 
0.62015 5.46095 0.289727219 0.62620 5.72311 0.307787595 0.62456 5.97068 0.334995365 0.62065 5.46580 0.290133041 0.62490 5.76774 0.306614882 0.62456 6.02626 0.339684069 0.62044 5.45552 0.289272451 0.62548 5.76215 0.299675998 0.62456 6.05094 0.341766346 0.62016 5.58364 0.299998161 0.62565 5.73463 0.313492273 0.62490 6.04527 0.341310729 
0.63571 5.50308 0.293254157 0.64210 5.77036 0.311726478 0.64053 6.00552 0.337934486 0.63694 5.51231 0.294027001 0.64062 5.82174 0.327717214 0.64053 6.06727 0.343144148 0.63638 5.50230 0.293188795 0.64077 5.81708 0.326584480 0.64066 6.10113 0.346000692 0.63566 5.63902 0.304634237 0.64139 5.80582 0.309947109 0.64063 6.09888 0.345848196 
0.66372 5.58003 0.299695722 0.66958 5.84147 0.327661954 0.66876 6.05575 0.342172042 0.66573 5.58822 0.300381780 0.66876 5.89785 0.318400874 0.66876 6.12287 0.347835287 0.66439 5.57560 0.299325117 0.66882 5.89814 0.327128532 0.66876 6.17162 0.351948058 0.66389 5.73285 0.312488792 0.66929 5.90014 0.348494576 0.66890 6.17401 0.352221458 
0.91700 5.96079 0.331570813 1.01500 6.26376 0.327958511 1.01500 6.33336 0.365593913 0.91700 5.99195 0.334178631 1.01500 6.29399 0.329127112 1.01500 6.36411 0.368187843 0.91700 5.99283 0.334252490 1.01500 6.40124 0.331331070 1.01500 6.46214 0.376458021 0.91700 6.28324 0.358563499 1.01500 6.43723 0.334637055 1.06269 6.46565 0.619843191 
