timeseries lftoe_perf hftoe_perf static_perf cluster_indices
1 762.088510927 734.673558534 543.318110037 2 
2 651.545304835 735.626098656 485.753394846 2 
3 521.576226282 521.576226281 365.103358397 0 
4 640.283099943 722.104133836 505.472893688 2 
5 834.216053709 542.743076959 583.951237596 1 
6 675.95764918 601.284081597 476.05318526 0 
7 614.006225739 614.006225739 429.804358017 1 
8 563.813643799 563.813643799 394.669550659 1 
9 679.524476901 679.524476901 475.667133831 1 
10 632.770493214 632.770493214 442.93934525 0 
11 571.440697082 618.346087832 432.842261484 1 
12 579.127415168 579.127415168 405.389190618 2 
13 692.014203305 692.014203305 484.409942314 1 
14 590.59386884 634.159598834 443.911719184 1 
15 497.996487655 497.996487655 348.597541359 1 
16 678.16882398 681.01282768 476.708979376 1 
17 693.270026998 630.953768199 499.526763535 2 
18 811.627736547 753.360787805 595.047332546 1 
19 536.768769522 564.193262727 394.935283909 0 
20 698.470540317 759.988748835 531.992124184 2 
21 467.721338459 467.721338459 327.404936921 0 
22 485.148104009 485.148104009 339.603672806 0 
23 487.160956394 513.564859176 359.495401423 0 
24 677.817444679 651.889054606 474.472211275 2 
25 701.805984663 749.51921344 548.388426473 2 
26 724.697678687 606.936541978 507.288375081 1 
27 679.313274286 680.03949768 476.027648376 0 
28 722.094699641 765.777028242 538.379279128 2 
29 600.127713599 600.127713598 420.089399519 0 
30 742.466891621 799.548152167 565.886181745 1 
31 563.087630666 563.087630666 394.161341466 0 
32 613.621790778 613.621790778 429.535253545 0 
33 720.919548092 746.455576003 522.518903202 2 
34 666.711561471 666.711561471 466.69809303 0 
35 819.654792068 752.098907757 579.019110116 1 
36 544.565112925 307.443626818 390.667607065 0 
37 681.470413757 715.138742397 500.597119678 0 
38 859.709239782 794.453057734 636.521080194 2 
39 667.43621583 677.502831692 474.251982185 2 
40 583.943195691 583.943195691 408.760236984 0 
41 728.481743223 745.922268992 522.145588309 1 
42 630.365891364 534.109005292 499.172386209 0 
43 862.828058592 765.258382582 656.552456942 1 
44 700.552765846 655.329138273 497.54979843 0 
45 887.399864334 829.539786484 646.08193943 2 
46 476.118245797 511.276400459 357.893480321 2 
47 586.804382353 586.804382353 410.763067647 0 
48 614.606224724 614.606224724 430.224357307 2 
49 611.517774964 611.517774964 428.062442475 0 
50 657.233190729 657.233190729 460.06323351 0 
51 509.428209138 509.428209138 356.599746397 0 
52 671.574704179 667.181832022 470.102292925 1 
53 676.427451383 703.76001297 492.632009079 1 
54 590.429363 590.429363 413.3005541 1 
55 643.303848914 667.891901751 467.524331225 0 
56 710.653665082 710.653665078 497.457565558 2 
57 1048.64626838 1013.23527992 716.972371111 1 
58 616.702970096 531.627589918 474.861294389 2 
59 674.605170124 674.605170124 472.223619087 2 
60 538.610422584 538.610422584 377.027295809 2 
61 579.185522516 552.657993342 405.429865761 1 
62 692.278671531 669.738524701 523.019445605 0 
63 657.493403618 751.986539133 526.390577393 0 
64 621.150323023 525.861302387 434.805226116 2 
65 770.530256047 838.987552392 551.644226636 2 
66 625.650324799 625.650324799 437.955227359 2 
67 676.998378859 676.998378859 473.898865202 1 
68 670.050007223 670.050007223 469.035005056 0 
69 485.869341471 485.869341471 340.10853903 0 
70 612.09272043 612.092720428 428.464904301 1 
71 681.881766651 681.881766651 477.317236656 1 
72 514.838323816 514.838323816 360.386826671 0 
73 755.745584369 699.85248221 529.021909058 1 
74 485.1888537 485.1888537 339.63219759 0 
75 615.366038598 615.366038593 430.756227019 1 
76 831.364561489 831.364561487 581.955193043 2 
77 651.913030795 651.913030795 456.339121556 0 
78 671.895886542 671.895886542 470.327120579 2 
79 698.67940849 693.187866226 518.241493194 1 
80 771.079688253 771.079688253 539.755781777 1 
81 765.260477802 765.260477802 535.682334461 1 
82 745.133579669 679.513820003 552.698611501 1 
83 688.311985853 709.655697421 496.758988195 1 
84 591.034101718 544.914512561 413.723871202 0 
85 575.453031194 575.453031194 402.817121836 0 
86 769.666043451 912.79826621 638.958786347 0 
87 620.033644176 620.033644175 434.023550923 2 
88 714.657983089 766.532548307 568.018204042 2 
89 511.385259811 528.315987702 369.821191392 0 
90 740.590774057 759.731552543 547.999025992 1 
91 807.281311263 807.281311263 565.096917884 1 
92 653.778272519 678.899705098 475.229793569 2 
93 580.201313246 580.201313246 406.140919272 2 
94 502.470176558 559.14971067 391.404797471 0 
95 643.312823635 643.312823635 450.318976545 0 
96 515.511415971 515.511415971 360.85799118 1 
97 601.058427599 601.058427599 420.74089932 0 
98 698.99147268 698.99147268 489.294030876 2 
99 660.164061652 660.164061652 462.114843156 2 
100 757.24497751 757.24497751 530.071484257 2 
101 532.554928502 588.005953164 387.732897974 2 
102 703.710951607 678.055576966 492.597666125 0 
103 613.07859523 631.425311428 441.997718 0 
104 748.612586881 738.14344734 524.028810816 2 
105 831.336227833 700.667587899 593.139953725 1 
106 513.236526319 549.151899055 384.406329339 0 
107 602.811736476 602.811736476 421.968215533 1 
108 725.859407499 741.154030411 518.807821292 0 
109 620.911044451 620.911044451 434.637731116 0 
110 773.129420212 823.58476548 581.001954951 2 
111 768.475900676 768.475900676 537.933130473 2 
112 637.418874778 637.418874778 446.193212344 2 
113 672.311617905 683.241215607 478.268850925 0 
114 556.81396378 574.922483834 402.445738684 0 
115 791.651405898 776.514114822 588.175548068 1 
116 450.152908466 450.152908466 315.107035926 0 
117 625.988387303 625.988387297 438.191871112 1 
118 486.286798204 486.286798203 340.400758743 0 
119 628.505532666 628.505532666 439.953872866 2 
120 551.599209085 551.599209085 386.11944636 0 
121 446.744654997 493.020413934 345.114289753 0 
122 604.980245538 577.543321537 423.486171877 1 
123 690.97101631 690.97101631 483.679711417 1 
124 728.367700128 713.849978427 492.811835816 2 
125 634.307189437 634.307189437 444.015032606 2 
126 683.543485307 683.543485307 478.480439715 2 
127 666.080946394 692.040732189 484.428512532 2 
128 874.863531 960.96579361 636.954714062 2 
129 517.725909256 517.725909256 362.408136479 2 
130 616.373580567 670.078359078 482.227513964 2 
131 777.338012412 359.093482828 545.726038138 1 
132 620.504937594 620.504937594 434.353456316 2 
133 861.316090747 767.366655499 640.141193651 1 
134 757.523249376 757.523249376 530.266274564 2 
135 700.456135695 801.90997932 570.633043386 2 
136 692.113094228 365.241774154 484.47916596 1 
137 600.776789043 600.776789043 420.54375233 1 
138 612.906756523 573.909427343 403.906680957 0 
139 593.901409886 593.901409886 415.73098692 0 
140 708.990730203 721.323884079 508.099318366 2 
141 762.578646593 698.503996487 539.58754361 1 
142 711.490591546 741.187720137 518.831404096 1 
143 711.654697058 730.625558919 511.437891243 2 
144 643.342055331 654.636073979 458.245251785 2 
145 747.357877063 749.859982221 530.633735574 2 
146 710.680968337 319.0000791 514.166220602 1 
147 715.881633778 617.233729025 501.117143644 2 
148 509.83962574 522.942304848 366.059613394 0 
149 627.761497921 627.761497915 439.433048544 1 
150 562.080803847 573.203784569 407.013289715 1 
151 589.865326609 636.980813234 445.886569264 1 
152 545.66216264 545.66216264 381.963513848 0 
153 528.804532579 528.804532578 370.163172805 2 
154 514.785646854 514.78564685 360.349952798 0 
155 809.087700566 834.654953692 584.258467585 2 
156 628.003990874 702.639464874 491.847625412 2 
157 670.210809201 594.388998219 497.125070948 1 
158 773.798723589 652.226414047 584.660632462 2 
159 868.663930959 753.12490967 621.502379904 1 
160 633.619778849 618.921839925 443.533845195 2 
161 692.762633099 692.762633099 484.933843169 2 
162 854.08633054 830.466010419 597.860431378 1 
163 559.419457308 559.419457307 391.593620115 0 
164 613.865974709 623.859851973 436.701896381 0 
165 560.937030317 540.0551774 400.473306154 0 
166 709.727260713 725.767852975 526.436174994 1 
167 642.328906276 657.276100639 460.093270447 1 
168 446.660742076 463.022121402 337.62508245 0 
169 608.659293749 608.659293744 426.061505625 1 
170 652.459400927 652.459400927 456.721580649 1 
171 788.211537874 872.89712524 584.651442961 1 
172 845.819290582 864.317736159 613.783674355 2 
173 425.336825746 368.891081643 297.735778023 1 
174 616.515027437 616.515027435 431.560519206 0 
175 507.125757168 507.125757168 354.988030018 0 
176 837.710864381 874.747200696 612.323040488 1 
177 571.340774914 571.340774914 399.93854244 0 
178 786.358160919 808.204483159 556.697074132 2 
179 562.778465926 562.778465926 393.944926148 0 
