0.5197496500015668 0.15608853686663401 0.03573685067940487 
0.5576450558679731 0.19226125496455004 0.20138131995251718 
0.7076479113881956 0.07186297552777675 0.16477716597851574 
0.6999714577307183 0.22782837692431204 0.1534559883104135 
0.4854324339456288 0.19486051580267258 0.08803856426729076 
0.7646932972468051 0.029420884355977273 0.08245931885979314 
0.8173834094762372 0.16156011204129314 0.046417611834949205 
0.7174236739074967 0.06613687216978917 0.23450944145002267 
0.7583752600163262 0.10594791229460863 0.16833594929001297 
0.7848088983958249 0.23317535637343106 0.201849699277476 
0.5754727706861876 0.16243111125612839 0.09684658921462753 
0.7941798055117621 0.04271354323722564 0.09723349994257237 
0.6116410573613497 0.05511479221977503 0.23293823109116876 
0.8039691038551846 0.03271170305722466 0.09393086693954558 
0.80303874958935 0.1784752253530163 0.029615915419354263 
0.7628768265593323 0.032116501000197306 0.07833040918888065 
0.6679758881031067 0.16528524786260892 0.1713939373543021 
0.6723229892446253 0.25044859014487925 0.1483521531017366 
0.8157338831403089 0.15576290741004054 0.14129813889443701 
0.6967245236136338 0.2748653799391138 0.05688483713172734 
0.7679659992877989 0.18611891904951752 0.06584609328636423 
0.6555573284439167 0.10542814947842097 0.03071317110925679 
0.6785732025455052 0.19175365094570776 0.12026976581956596 
0.7486744389774134 0.14625731831375843 0.1596030222098581 
0.5843815505984027 0.06597090261482703 0.09516119536120074 
0.6126188375231983 0.10319823288205168 0.10160680017322714 
0.7054192887047946 0.10560174050482879 0.0999469346565008 
0.7670620691987384 0.053850153132606535 0.19758830098802693 
0.7126188316049326 0.07688928466297133 0.14572524675478946 
0.6247281443777642 0.09147878409907702 0.1177956838804983 
0.6506825308669101 0.14660378718950912 0.22189150026498097 
0.7636183521978425 0.052583329436117716 0.12477919461413588 
0.4603248277667582 0.08666183839878494 0.21517719422666767 
0.63506162621976 0.058723535554811225 0.17243353697028146 
0.6646057882696584 0.10416813210806826 0.23021926000433854 
0.7333590726628212 0.2034633065327457 0.228861067743119 
0.7209604299178796 0.2287985975181 0.3421917255649491 
0.8339319864420838 0.13776513428804857 0.03068720169023696 
0.6636066980678756 0.1428982679623033 0.11709776997812783 
0.6461586027232207 0.17660097777137448 0.3564780393906281 
0.681477281336702 0.07148313304843641 0.29611498548214527 
0.7168191838066346 0.22125072981477692 0.0817998603615701 
0.8238823712640437 0.11213725180833814 0.09686153704002773 
0.8231170340502354 0.08215077046852669 0.2139775662558675 
0.7535449094393163 0.13858989492986915 0.03709143406022908 
0.7434852639089 0.05202234781635916 0.12184145661762011 
0.7372992199310533 0.13043836957540406 0.02983590697201515 
0.6873090927924419 0.2269211397785766 0.10800805877169989 
0.755562861613889 0.07724369541893238 0.11241896108956126 
0.8487715077484819 0.10836681105208218 0.04453509253347462 
0.6883447219414152 0.09835771101026665 0.209177349601763 
0.6143848280948052 0.18018643288560682 0.04613142245998241 
0.5931207983604109 0.07653391916860737 0.24399049101177425 
0.7101096053358699 0.036875153368823285 0.05279474389980401 
0.7738206340347489 0.13523465659256376 0.06790706797905892 
0.7508862988979891 0.09078205591191736 0.04256948187499824 
0.7742484397970326 0.03110845665908443 0.24065797255573096 
0.7097993315845249 0.04031235040192523 0.09955677792099984 
0.8023139657599709 0.10733812539079644 0.14087550280013952 
0.8310830153397717 0.17166791860524427 0.1159325883114751 
0.05256364951966153 0.8029331623854691 0.1319635971257761 
0.1752721021744488 0.6421391529165839 0.09281313014309918 
0.12471157289906935 0.7429200979807183 0.15103151022036412 
0.16144747208981347 0.5681656966355916 0.17956781455065393 
0.10222206062170727 0.8878724126636908 0.11522974674822989 
0.11901438987952356 0.7502623657033143 0.07180180133429144 
0.1979084394680759 0.5589748243227106 0.03610986848650988 
0.10236529516475379 0.742489058731516 0.2249806718711098 
0.03972089790906826 0.7180248842985452 0.11908418792182349 
0.09584987538228361 0.8292334778580834 0.15377308144545254 
0.17225815955273208 0.712056951743427 0.08034748585828035 
0.21702539229208434 0.7559635989334171 0.03270369454697193 
0.030948299277581474 0.8172678580444562 0.18308438992630544 
0.17779867572311206 0.7284342666504109 0.17012310212818618 
0.2104756247653369 0.7088038491800621 0.09043704037487561 
0.2766557136978973 0.6380177951915348 0.0774582899121624 
0.17224267023663808 0.6674324660520748 0.03322635785227733 
0.04971530679454033 0.70965739911389 0.03130414246243927 
0.068455853978768 0.716394580451729 0.14298445690015069 
0.14456182145872645 0.7323702737018525 0.12668486539914176 
0.18785938844419062 0.7644564620300836 0.07287637080080497 
0.04357292619803021 0.6211982014865003 0.1742086175300914 
0.14098960082715983 0.8242188285067641 0.24885526623010498 
0.14782475638240195 0.6010264652143236 0.1571749675166595 
0.05141659491160506 0.611606665619425 0.19222876862638738 
0.04818041640188407 0.6601143255846915 0.04981836267440203 
0.1033622051877737 0.6318570850899151 0.17459276092445813 
0.029676690714540016 0.816910248283416 0.10618237915720519 
0.0852949846596985 0.7024736672061274 0.08865295587682331 
0.09249983285121677 0.8482636165254177 0.07016847243697633 
0.15375968673486695 0.7192498558450107 0.1712439279610781 
0.1197928139170475 0.7974781693713591 0.11738466965430777 
0.059182406108490744 0.4486405632034899 0.17131606857234394 
0.167905420071634 0.6565524867192826 0.07692581070566584 
0.03601015215717653 0.8011224986126925 0.0973420273847645 
0.158859084706729 0.5830209605163409 0.12038003736679724 
0.10672355139665497 0.8357168507257193 0.14379687430862612 
0.15928944468166523 0.6047590711916139 0.046708760619032896 
0.13872382043540943 0.641691945441908 0.26524398710903263 
0.07497731003291942 0.595398572821052 0.18960234091587228 
0.08480822383247832 0.8092231198575103 0.04636165337054606 
0.14145287647997506 0.6088094322922457 0.07018438401879082 
0.11153760000383231 0.7678840750119497 0.07014745613148736 
0.28340500106593514 0.5535638783379141 0.053654524261995906 
0.11538588087435556 0.7277039432291111 0.10787151104047876 
0.10396792764392344 0.7325591045849925 0.08001953419284544 
0.14391550796674762 0.6612253260906129 0.14739935935504558 
0.27198002973306945 0.5691167368852106 0.11552488770666795 
0.18559399273863827 0.714500419697659 0.05977742880418718 
0.21884883562262808 0.6995129372608243 0.06853514591085269 
0.14613744327739867 0.579228837462979 0.046075496337910915 
0.226194345471769 0.7307480035498796 0.12940096210965674 
0.09039822084643086 0.7044208350354418 0.08938473081473067 
0.26651679843684156 0.6652458834347726 0.06636851488921072 
0.24187242420621224 0.6833732849745197 0.055573469953444546 
0.19424227079719836 0.8146255430448568 0.08765924540798825 
0.030075920710563735 0.704482523239013 0.04899647434502894 
0.07512785315024648 0.7126826644286015 0.03335774552776084 
0.1745132274017787 0.7181261135750381 0.0973749808283769 
0.3090797324832303 0.6518554806442124 0.03490240476376606 
0.24155146500353583 0.15305440955003707 0.625266650589729 
0.05478296329899435 0.262659299104388 0.48588097820006876 
0.12330038571207606 0.16702428854029952 0.5814413328304125 
0.13142933825592193 0.23541244721830706 0.6589097502655482 
0.14833528187084 0.05616320739428135 0.7198742821189402 
0.07687497556672103 0.1660094494109037 0.7253843176619251 
0.19957659494213212 0.049120760945056706 0.6864095051341927 
0.07608225508191445 0.10822562153358081 0.6543830117530082 
0.03713500855457943 0.059861853361361385 0.6871183885655348 
0.17251710084875327 0.03175947495650506 0.7767441235238651 
0.09355527513340105 0.24270596130629396 0.8353673701947021 
0.11487041686262803 0.027750540130079212 0.7663931353914538 
0.15521654807115084 0.03208251686362547 0.6859276294117076 
0.0728420299533231 0.09729256642268408 0.7124302635100288 
0.12124238598762829 0.03855243481745243 0.6632930412905068 
0.1732988073279109 0.036161381392525664 0.7011405651559351 
0.11349707481302866 0.08667543408825572 0.7029992320803601 
0.0954796913004183 0.10247573745836228 0.751240996328081 
0.04917516846613797 0.11476453396632601 0.7905189189402169 
0.042822159939468495 0.0583492049603992 0.7807764125814164 
0.031878018416574984 0.13906864546046027 0.7618713771192968 
0.0333345555846058 0.04014263444062214 0.5429349113319153 
0.12862728927106612 0.033033738187115705 0.7525304152504317 
0.1786055889262494 0.0784165956251298 0.8213728301172883 
0.26071206126883 0.0949141534545745 0.6650427440320352 
0.2218082195595356 0.13737701895782511 0.7812341313092063 
0.030624975453031784 0.05606968908769039 0.7529309956147342 
0.050305968071758175 0.06868115348413678 0.8001438266045109 
0.10735933001708159 0.25294940693666246 0.6282989805816942 
0.22369241069070375 0.13839009008803596 0.47035793980040236 
0.08215934144528726 0.03313834882532745 0.5591000415922059 
0.032353246373989286 0.03235324637398929 0.5180102117187283 
0.17945750545611874 0.04367386038321237 0.827943549806764 
0.06306333867629255 0.11009651447822386 0.7695541635661107 
0.07544333638151483 0.21288600202624747 0.755850053895861 
0.14228936340487566 0.18033562358055957 0.7597647269542189 
0.07381387226875301 0.24720151583295819 0.5889815184587276 
0.036070074329352116 0.055293876377143635 0.5733713443143738 
0.03648293558575416 0.15599572860047817 0.7297862230512975 
0.2913583883690981 0.41571903989428477 0.5882461519377398 
0.2285360263243355 0.24633901731672317 0.6827959339897832 
0.03679017451358003 0.2967818800527977 0.6909903470168609 
0.09830108834151946 0.10894024672393801 0.7927996649886434 
0.07376373759032137 0.3842416889783861 0.7631785033768009 
0.1215718828623091 0.20067084577627783 0.6712616433597893 
0.25124699216153584 0.09423556685775135 0.7443566434894805 
0.038503238024497254 0.20535333639795814 0.7428069410643073 
0.059828509957518795 0.15281253871215741 0.7140016532713264 
0.07278173394629767 0.10223158826517452 0.8154896141854577 
0.128473797845005 0.27223075001887276 0.7797591084277252 
0.05934604424666908 0.08971655371692726 0.9024185224227543 
0.03239897621609916 0.06435672343259194 0.8206015981324711 
0.29534243262935383 0.032765082477830776 0.7325008682941522 
0.07677329100180075 0.05582550939477269 0.7560298177047496 
0.16998876979451932 0.18853608940893005 0.7075659484348964 
0.12518852045196605 0.12993603641392726 0.7834746593702646 
0.2673262573594107 0.18940744709867044 0.73335291064521 
0.08882644731316595 0.029363705491720946 0.8452611609661674 
0.19248865554344638 0.03315122373010513 0.6537228177659709 
0.32288460625461973 0.05970693043770052 0.6233027886054399 
