0.7480019305082877 0.2886733903901825 0.19618294710881728 
0.5984559885077616 0.1726451245977015 0.22293167536275302 
0.8248512015905748 0.11636384881618156 0.12474231970765132 
0.7562318906212585 0.05156431584046403 0.10395824435944749 
0.6292832052357957 0.037131833551761875 0.28694557701009116 
0.7846135001026372 0.1700301779471315 0.1383438726028279 
0.5880156589175636 0.35733465195376657 0.03214221854883096 
0.8382550396430907 0.029432724606996488 0.10638631846051994 
0.750448491559348 0.21400769118243668 0.15075501370140706 
0.774263271381016 0.053888840213348076 0.1879301974033347 
0.6589794602239785 0.08505435344831425 0.11535672006024401 
0.6310729224264016 0.1452134036177346 0.14883590350182668 
0.6878751184708207 0.03716828353620836 0.14655346424964213 
0.6176101259645689 0.32781872712778015 0.1988147943810481 
0.6622054085680698 0.1839935008604603 0.10426641654913037 
0.5870330466799186 0.24428810337238938 0.04196008053508895 
0.75454767574957 0.17793218999760269 0.0529315144574326 
0.6728194178302296 0.24614524522466996 0.13044613543038955 
0.8125578129650916 0.0294699947433052 0.20087050932206638 
0.6551247097174288 0.2742224266787606 0.136254558276241 
0.6685194714992535 0.04988796772874536 0.4091003935343493 
0.7843504013570848 0.12791534946608968 0.16933770500710987 
0.6033948252944803 0.03351518477110371 0.06220618263025295 
0.7727083231652897 0.15961656647815564 0.1135771020160882 
0.7087454301147016 0.05851222918018408 0.07991395617297288 
0.804114421434267 0.2070747345059719 0.15563193250683505 
0.6216054814890153 0.042214002257951355 0.13655317612686585 
0.4649093406967449 0.10173608456165305 0.07528956944762386 
0.7815932003974418 0.04259446773000385 0.054762972773971484 
0.78744074108244 0.08171891763658494 0.17624269834812403 
0.3006831318698764 0.38148505401435595 0.038109163577347636 
0.12016348172273139 0.8413575402347511 0.14114629237579487 
0.06949825675096635 0.6954794113651896 0.04336888945735348 
0.06588324139647216 0.7079379951735755 0.05973506306970705 
0.20570856274732208 0.6609810922273274 0.2637381461917683 
0.03654705401852038 0.6746295869929997 0.10997273414898462 
0.10770468158423092 0.7280108449864224 0.0752218683388587 
0.16715894558989142 0.5480248047618891 0.19187429571867107 
0.11497165841584958 0.693850889190596 0.37565121945124336 
0.03328361578670531 0.7505844870702754 0.0650307067140175 
0.2233554694811826 0.7966679808639819 0.032110175799455486 
0.03639808953699417 0.7031167598402686 0.06705831186230608 
0.21030140021584365 0.5693370108101953 0.06151883491659461 
0.18688632577674352 0.669275332147318 0.07212986433027987 
0.18779494004261912 0.6737867491245862 0.06393867183660967 
0.03140499614354355 0.6787052557758001 0.10751022812758568 
0.07323654527894308 0.7192182397141503 0.14013278500694692 
0.1904547793745412 0.7844231411537951 0.183293972046855 
0.117821594714043 0.7877320152268739 0.12655608964352907 
0.14039310288825718 0.5721602886484977 0.11380058756117559 
0.1414586365572356 0.7094911800007799 0.03489078871753997 
0.03640748548277028 0.8118923538555493 0.21848754072056517 
0.03241391253077599 0.7390473691049807 0.07391034414194711 
0.07389065341884063 0.7765479104393727 0.034034772029794914 
0.037804344084764206 0.6105634166700271 0.10661859564874478 
0.07544427977688718 0.43560775542504604 0.1762223332098063 
0.06766319706346947 0.6000021152671404 0.16544812140267948 
0.21207025020378906 0.7793775865263826 0.1058639162855336 
0.09909995568876624 0.62472365415949 0.13402220499510462 
0.06342585504384246 0.6680365858807028 0.27013309347027703 
0.3059033983017877 0.14845760112567657 0.5455604435995555 
0.03489954175763723 0.193221242759773 0.7162444891920648 
0.15614604290949974 0.335165310820402 0.6896768954412512 
0.07700249595170139 0.06958435020208407 0.8215947809968118 
0.06673430190145856 0.18566094116170356 0.6945451745942508 
0.14205658446947514 0.1455507612945663 0.6123982892608122 
0.1828932976401094 0.16936216940773707 0.657457869185647 
0.1656752947005536 0.12141581169477106 0.6985864041635872 
0.03627901119577605 0.2390426655772079 0.4885053423869973 
0.09420852659250173 0.19157536479864878 0.7659379220646996 
0.11944875433279224 0.13302079577850445 0.6686997368259786 
0.04804782901972446 0.19973752767203637 0.6848580262258714 
0.16294139144054914 0.042199453525343524 0.7302455761641959 
0.040492707122969686 0.08559746773577252 0.7893964297627117 
0.02737126854815139 0.027371268548151396 0.8093032165051665 
0.18616956078980226 0.34674038704130195 0.7124218995381245 
0.1486249626124418 0.15968971474611643 0.8234147413032273 
0.12309119767647984 0.1297045039996504 0.7063536723127886 
0.11633783454195584 0.13495182482853374 0.6780970162424131 
0.038351815761528525 0.11539607122783507 0.7858108564739984 
0.09313386169343862 0.15385692506541815 0.7774984964326414 
0.12319343925592524 0.12248003399349035 0.701038842400153 
0.05885239792423018 0.18691861550146024 0.7221601286663528 
0.029013514456256932 0.14212324909460797 0.7765713621016541 
0.08599410382343413 0.05396650343596353 0.7376101615973619 
0.1022130600183868 0.05370302919141089 0.6888623025265098 
0.12144903714280378 0.033835803730248394 0.7960642578543806 
0.12927392321911516 0.27867632597771985 0.7673669911742638 
0.11800962195486486 0.1701481536361557 0.541652152771438 
0.057864606627835616 0.1280179578948659 0.7552688706542259 
