x_range mlu lu90 lu50 ahc competitive_ratio 
0 0.000775859807618 0.000775859807618 0.000345597451087 1.64050797653 1.24194372544 
1 0.00494752032682 0.00494752032682 0.00284447986633 1.65406231117 1.32245512686 
2 0.00518161803484 0.00518161803484 0.00296721700579 1.65586117935 1.33733592447 
3 0.00532566197217 0.00532566197217 0.0030458830297 1.65703205299 1.34727809955 
4 0.00543546443805 0.00543546443805 0.00310346973129 1.65787402821 1.35478108606 
5 0.00552474427968 0.00552474427968 0.00315069383942 1.65854732227 1.36103531947 
6 0.00559892971069 0.00559892971069 0.00319215562195 1.65914634895 1.36644325771 
7 0.00567209953442 0.00567209953442 0.00322919292375 1.65963665676 1.37146434911 
8 0.00573511747643 0.00573511747643 0.00326200667769 1.66010085773 1.37585514739 
9 0.00578926876187 0.00578926876187 0.00329194962978 1.66053072643 1.38012103362 
10 0.00584335951135 0.00584335951135 0.00332025229 1.66088895035 1.38367193165 
11 0.00589327281341 0.00589327281341 0.00334622594528 1.6612553997 1.38723555193 
12 0.0059375599958 0.0059375599958 0.00337141612545 1.66157714558 1.39053329505 
13 0.00598047114909 0.00598047114909 0.00339439953677 1.66190127563 1.39371253854 
14 0.0060231173411 0.0060231173411 0.00341694918461 1.66220907402 1.39680873857 
15 0.00606178818271 0.00606178818271 0.00343902548775 1.6624975605 1.39965881233 
16 0.00610198639333 0.00610198639333 0.00345877720974 1.66276792717 1.40252973405 
17 0.00613806955516 0.00613806955516 0.00347822555341 1.66303579044 1.40545741248 
18 0.00617444561794 0.00617444561794 0.00349708157592 1.66329209042 1.40826518103 
19 0.00621109642088 0.00621109642088 0.00351614365354 1.66351918411 1.41075987276 
20 0.00624517723918 0.00624517723918 0.00353389070369 1.66373936367 1.41343623296 
21 0.00627903034911 0.00627903034911 0.00355122750625 1.66397802067 1.41598257403 
22 0.00631054583937 0.00631054583937 0.00356883252971 1.66419092846 1.41832409288 
23 0.00634274119511 0.00634274119511 0.00358490063809 1.66440610123 1.42061195247 
24 0.00637530954555 0.00637530954555 0.00360107654706 1.66461149883 1.42290881587 
25 0.00640444364399 0.00640444364399 0.00361687177792 1.66482428741 1.42519261854 
26 0.00643677869812 0.00643677869812 0.00363317131996 1.66502706242 1.42739944109 
27 0.00646539358422 0.00646539358422 0.00364765431732 1.66523806286 1.42950403476 
28 0.00649446900934 0.00649446900934 0.00366292521358 1.6654375 1.43170783826 
29 0.00652412604541 0.00652412604541 0.00367844104767 1.66563669872 1.43398850704 
30 0.00655307387933 0.00655307387933 0.0036932118237 1.66582159233 1.43607914522 
31 0.00658071879297 0.00658071879297 0.00370784243569 1.66600457859 1.43809750295 
32 0.00660963123664 0.00660963123664 0.00372241949663 1.66619340611 1.4402396592 
33 0.00663875136524 0.00663875136524 0.00373735674657 1.66637794209 1.44217524731 
34 0.00666675297543 0.00666675297543 0.0037512849085 1.6665578289 1.44421490441 
35 0.0066946502775 0.0066946502775 0.00376573600806 1.66673032475 1.4461723644 
36 0.00672104582191 0.00672104582191 0.00378052378073 1.6668978138 1.44817953224 
37 0.00674760527909 0.00674760527909 0.00379488244653 1.6670838995 1.45011485259 
38 0.00677281338722 0.00677281338722 0.00380919501185 1.66727010441 1.45196636293 
39 0.00679970951751 0.00679970951751 0.00382391456515 1.6674393816 1.4537593553 
40 0.00682642729953 0.00682642729953 0.0038377083838 1.66762355995 1.45586955364 
41 0.00685530900955 0.00685530900955 0.00385111104697 1.66779331398 1.45781087195 
42 0.00688396859914 0.00688396859914 0.00386522919871 1.66796354485 1.45969960098 
43 0.00690980535001 0.00690980535001 0.00387898855843 1.66812638474 1.4617451647 
44 0.00693626422435 0.00693626422435 0.0038936343044 1.66829768848 1.46363689088 
45 0.0069627771154 0.0069627771154 0.00390743045136 1.66846327019 1.46558404092 
46 0.00698998244479 0.00698998244479 0.00392180914059 1.66862885189 1.46744249735 
47 0.00701745366678 0.00701745366678 0.00393528398126 1.66879789066 1.46933730197 
48 0.00704473117366 0.00704473117366 0.00394931389019 1.66895739269 1.47122907003 
49 0.00707196211442 0.00707196211442 0.00396251445636 1.66912225914 1.47308965731 
50 0.00709842611104 0.00709842611104 0.00397633342072 1.66929451656 1.47492108348 
51 0.00712378742173 0.00712378742173 0.00399017659947 1.66947833729 1.4768396157 
52 0.00715113803744 0.00715113803744 0.0040043015033 1.66963831615 1.47857339958 
53 0.00717952288687 0.00717952288687 0.00401853676885 1.66981271935 1.48051629159 
54 0.00720585184172 0.00720585184172 0.00403328519315 1.66997627449 1.4823599793 
55 0.00723191071302 0.00723191071302 0.00404812814668 1.6701484127 1.48430990667 
56 0.00726059172302 0.00726059172302 0.0040626572445 1.67032686901 1.48615792113 
57 0.00728838285431 0.00728838285431 0.00407727528363 1.67050759029 1.48818132218 
58 0.00731549272314 0.00731549272314 0.00409209821373 1.67068068218 1.4900988668 
59 0.00734362518415 0.00734362518415 0.00410742731765 1.67085556221 1.4920796608 
60 0.00737459538504 0.00737459538504 0.00412276899442 1.67103294563 1.49401290335 
61 0.00740400375798 0.00740400375798 0.00413761707023 1.67122093868 1.49602898346 
62 0.00743335857987 0.00743335857987 0.00415333919227 1.67140070629 1.4980305246 
63 0.00746292667463 0.00746292667463 0.00416850205511 1.6715715332 1.49999909409 
64 0.0074937492609 0.0074937492609 0.00418432010338 1.67174700928 1.50203965958 
65 0.00752627011389 0.00752627011389 0.00420159846544 1.67193702888 1.5040615197 
66 0.00755623867735 0.00755623867735 0.00421692989767 1.6721374197 1.50620908921 
67 0.00758758699521 0.00758758699521 0.00423459103331 1.67233697605 1.50825641451 
68 0.00761904893443 0.00761904893443 0.00425097718835 1.67253796291 1.51035865325 
69 0.00765300681815 0.00765300681815 0.00426897080615 1.67272786331 1.51272687141 
70 0.00768597563729 0.00768597563729 0.0042866980657 1.67292288971 1.5148719717 
71 0.00772008253261 0.00772008253261 0.00430536689237 1.67313043308 1.51710266679 
72 0.00775487255305 0.00775487255305 0.00432284036651 1.67333523464 1.51947513899 
73 0.00779177295044 0.00779177295044 0.00434073153883 1.67354265881 1.52178706284 
74 0.00782787054777 0.00782787054777 0.00435935379937 1.67376307678 1.52409296647 
75 0.00786408409476 0.00786408409476 0.00437866197899 1.67397658062 1.52632182807 
76 0.0079028531909 0.0079028531909 0.00439999811351 1.67420558167 1.52874991785 
77 0.00794049166143 0.00794049166143 0.00442308234051 1.67443851662 1.53123412929 
78 0.00798309780657 0.00798309780657 0.0044431053102 1.67468826008 1.53382951411 
79 0.00802323408425 0.00802323408425 0.00446633575484 1.67493049335 1.53658607373 
80 0.00806758459657 0.00806758459657 0.00448865629733 1.67518822384 1.53933869304 
81 0.00811256747693 0.00811256747693 0.00451302714646 1.67545274925 1.54209130773 
82 0.00815873220563 0.00815873220563 0.00453781010583 1.67572526169 1.54524937812 
83 0.00820613186806 0.00820613186806 0.00456346105784 1.67601744366 1.54825084504 
84 0.00825457833707 0.00825457833707 0.00459227664396 1.67631582451 1.55142189164 
85 0.00830845627934 0.00830845627934 0.00462141120806 1.67663900089 1.55472553664 
86 0.00836518686265 0.00836518686265 0.00465279631317 1.67696932983 1.55827895934 
87 0.00842765904963 0.00842765904963 0.00468466570601 1.67731312943 1.56211907502 
88 0.00848986115307 0.00848986115307 0.00472028460354 1.67764584255 1.56626186099 
89 0.0085603678599 0.0085603678599 0.00476002367213 1.67804984283 1.57030191044 
90 0.00863429810852 0.00863429810852 0.00480108195916 1.67847899628 1.57506663982 
91 0.00871117413044 0.00871117413044 0.00484793866053 1.6789591713 1.5800406022 
92 0.00880150310695 0.00880150310695 0.00489732576534 1.67949096394 1.58555608284 
93 0.00890023913234 0.00890023913234 0.00495148170739 1.68007127476 1.59232802225 
94 0.00901048257947 0.00901048257947 0.00501378532499 1.68073467445 1.59947570266 
95 0.00914070103317 0.00914070103317 0.0050940150395 1.68151919079 1.60813669754 
96 0.00930193252861 0.00930193252861 0.00518772518262 1.68235305977 1.61793397516 
97 0.00951334554702 0.00951334554702 0.00530078494921 1.68356708717 1.63255083233 
98 0.00978819094598 0.00978819094598 0.00547674763948 1.68523065281 1.65489248525 
99 0.0102649116889 0.0102649116889 0.0057623796165 1.68801788521 1.70634053753 
100 0.015632044524 0.015632044524 0.00861146859825 1.71982554626 2.30074216987 
