x_range mlu lu90 lu50 ahc competitive_ratio 
0 0.000764423515648 -1.0 0.00026376315509 1.2337052393 1.04600660292 
1 0.00415423000231 -1.0 0.00238017807715 1.28221054554 1.0964043907 
2 0.00435324339196 0.00411103339866 0.00249118846841 1.28776736736 1.10729975755 
3 0.00448082154617 0.00433448329568 0.00255653448403 1.29097695827 1.1149247692 
4 0.00457223504782 0.00446643074974 0.00260917912237 1.2932768631 1.12097038949 
5 0.00464689685032 0.00456371996552 0.0026542278938 1.29503639221 1.12616904445 
6 0.00471486290917 0.00464160135016 0.00269095180556 1.29644020081 1.1308119108 
7 0.00477354461327 0.00471154786646 0.00272216508165 1.29772694588 1.13529846879 
8 0.00483039626852 0.00477117858827 0.00275176018476 1.2988962698 1.13940085365 
9 0.00487879710272 0.00482886983082 0.00277768960223 1.29992373466 1.14331148574 
10 0.00492617953569 0.00487789697945 0.00280301179737 1.30085833549 1.14692693375 
11 0.0049688606523 0.0049260049127 0.00282726855949 1.30171711922 1.15030516201 
12 0.00501124793664 0.00496902270243 0.00284832366742 1.30253262997 1.15352440099 
13 0.00504931248724 0.00501181604341 0.00287053012289 1.30330439091 1.15673166128 
14 0.00508752930909 0.00504992948845 0.00288951420225 1.30398436069 1.15991031386 
15 0.00512267183512 0.00508873863146 0.00290882168338 1.3046696949 1.16295917346 
16 0.00515836616978 0.00512399850413 0.0029263603501 1.30532343864 1.1658413444 
17 0.00519106723368 0.00515982089564 0.00294382707216 1.30597515583 1.16872935177 
18 0.00522349635139 0.00519274920225 0.00296013010666 1.30657632828 1.17158582321 
19 0.00525412103161 0.00522608449683 0.00297733186744 1.30719538212 1.17441013034 
20 0.00528440577909 0.00525604281574 0.00299401814118 1.30778046131 1.17721481364 
21 0.00531547097489 0.00528703769669 0.00300960731693 1.30835755348 1.17994666636 
22 0.00534402392805 0.0053184600547 0.00302467402071 1.30888731956 1.18276288498 
23 0.00537248793989 0.00534705957398 0.00303949136287 1.30941815853 1.18544223204 
24 0.0053998795338 0.0053761661984 0.00305333524011 1.30989618778 1.18810003926 
25 0.00542791001499 0.00540350330994 0.0030682538636 1.31040294647 1.19063905582 
26 0.00545483967289 0.00543141877279 0.00308296806179 1.31086082935 1.19317978795 
27 0.00548254325986 0.0054584457539 0.00309772812761 1.31132514954 1.19578639016 
28 0.00550995580852 0.00548643432558 0.003111068625 1.31175942898 1.19839979236 
29 0.00553658651188 0.00551344826818 0.0031244517304 1.31223221302 1.20088614416 
30 0.00556359766051 0.00554087152705 0.0031389654614 1.31267555237 1.20353524864 
31 0.00558951124549 0.0055679907091 0.00315293227322 1.31308312893 1.20602669181 
32 0.005615292117 0.00559429870918 0.00316648720764 1.31348486423 1.20851095387 
33 0.00564112514257 0.00561963953078 0.0031796824187 1.31390626907 1.21105426609 
34 0.00566597050056 0.0056458376348 0.00319326645695 1.31433196545 1.21356812155 
35 0.00568991573527 0.00567062431946 0.00320578785613 1.31474931717 1.21611573549 
36 0.00571493944153 0.00569488108158 0.00321865803562 1.3151796627 1.2187000929 
37 0.0057390560396 0.00571983540431 0.00323061761446 1.31559045792 1.22132194672 
38 0.00576257612556 0.00574441393837 0.00324258068576 1.31596322536 1.22403799028 
39 0.00578777678311 0.0057685021311 0.00325528951362 1.31636317253 1.2266203813 
40 0.00581230176613 0.00579369300976 0.00326783536002 1.31675847054 1.22921097294 
41 0.00583726074547 0.00581797072664 0.00328056630678 1.31716068268 1.23179802658 
42 0.0058620236814 0.00584314996377 0.00329352729023 1.31756289482 1.23446714331 
43 0.00588539522141 0.00586842466146 0.0033056740649 1.31793649673 1.23699453689 
44 0.00590951740742 0.00589180598035 0.0033181947656 1.31833012581 1.23964110207 
45 0.00593460258096 0.00591579684988 0.00332993501797 1.31873329163 1.24231613911 
46 0.0059594954364 0.00594148784876 0.00334192602895 1.31911011219 1.24509650059 
47 0.00598513381556 0.00596684683114 0.0033544995822 1.31949980736 1.24773877324 
48 0.006011324469 0.00599328521639 0.00336747686379 1.31986804485 1.25046204599 
49 0.00603836355731 0.00601951312274 0.00338016240858 1.32026608467 1.25311809728 
50 0.00606300728396 0.0060461894609 0.00339322327636 1.32067795277 1.25587333478 
51 0.00608790852129 0.00607126718387 0.00340648647398 1.32105250835 1.2587675772 
52 0.00611393898726 0.00609690835699 0.00341945304535 1.32146199226 1.26169234151 
53 0.00614043185487 0.00612289644778 0.00343223428354 1.32186730385 1.26466375888 
54 0.00616740854457 0.00615056511015 0.00344455777667 1.32228179455 1.26739123496 
55 0.00619382597506 0.00617653829977 0.00345800584182 1.32266195297 1.27016413918 
56 0.00622081477195 0.00620402209461 0.00347109884024 1.32304878712 1.27332690778 
57 0.00624762801453 0.00623055594042 0.00348447915167 1.32345552921 1.27613890384 
58 0.00627495534718 0.00625787395984 0.00349721359089 1.32384200573 1.27903578162 
59 0.00630197254941 0.00628490746021 0.00351003813557 1.32422931671 1.28211127512 
60 0.00632980465889 0.00631348835304 0.00352382892743 1.32461913109 1.28516363227 
61 0.00635960837826 0.00634085899219 0.00353812566027 1.32501800537 1.28837702647 
62 0.00638808589429 0.00637182733044 0.00355196092278 1.32543976784 1.29162177543 
63 0.00641725677997 0.00639989273623 0.00356538686901 1.32586391449 1.29488382209 
64 0.00644772360101 0.00643052253872 0.00357917975634 1.326281147 1.29821492953 
65 0.00647862255573 0.00645964033902 0.00359339104034 1.32670743942 1.30159069123 
66 0.00650959648192 0.00649178447202 0.00360852573067 1.32712121487 1.30491272858 
67 0.00654039671645 0.00652430439368 0.00362261012197 1.32754214287 1.30830126261 
68 0.00657175807282 0.0065546813421 0.00363806379028 1.32796497822 1.31159225774 
69 0.00660320371389 0.00658637098968 0.00365397450514 1.32839806557 1.31504414207 
70 0.00663552014157 0.00661862362176 0.00366954901256 1.32883985519 1.31875850156 
71 0.00666852947325 0.00665149604902 0.00368533353321 1.3293019104 1.32242143841 
72 0.00670534139499 0.00668551540002 0.00370189524256 1.32975502491 1.32634384929 
73 0.00674038426951 0.00672188820317 0.00371912540868 1.33022518635 1.33044548693 
74 0.00677482364699 0.00675736181438 0.00373629829846 1.33069415569 1.33429343506 
75 0.00681118387729 0.00679295742884 0.0037539282348 1.33117588043 1.33834481891 
76 0.0068490607664 0.00682942569256 0.00377212883905 1.33167238712 1.34233468086 
77 0.00688873091713 0.0068697235547 0.00379050127231 1.33218951702 1.34662560751 
78 0.00692807743326 0.00690968381241 0.00380953238346 1.33269949436 1.3508121108 
79 0.00696907239035 0.00695026898757 0.00383101194166 1.33322604179 1.35523815093 
80 0.00701369764283 0.00699182460085 0.00385098042898 1.33381445885 1.36029990217 
81 0.0070574642159 0.00703676696867 0.00387224624865 1.33436127186 1.36503077348 
82 0.00710402755067 0.00708183646202 0.00389555864967 1.33492632389 1.37002087778 
83 0.00715383887291 0.00713058095425 0.00391855929047 1.33555467606 1.37545365929 
84 0.00720751238987 0.00718387169763 0.00394241698086 1.33621771812 1.38084818356 
85 0.00726347276941 0.00723971007392 0.00396732799709 1.33688433647 1.3870002782 
86 0.0073237917386 0.00729719130322 0.00399552192539 1.33757133961 1.39292187389 
87 0.00738857034594 0.00736377760768 0.00402380386367 1.33832509995 1.39950202554 
88 0.00745513103902 0.00742758018896 0.0040533146821 1.33915157795 1.40653473573 
89 0.00752867478877 0.00749942101538 0.00408633798361 1.3399401474 1.41388635831 
90 0.0076097114943 0.00757618062198 0.00412089889869 1.34084840298 1.42213019655 
91 0.00769583554938 0.00766461854801 0.00416036648676 1.34185512543 1.43108138774 
92 0.00779082067311 0.00775901740417 0.00419950298965 1.34286685467 1.44059462222 
93 0.00790152698755 0.0078675635159 0.00424399320036 1.3440182972 1.45098930726 
94 0.00802364666015 0.0079879835248 0.00429770769551 1.34538467407 1.46286050823 
95 0.00816657114774 0.00813112221658 0.00435958663002 1.34703476906 1.47754008489 
96 0.00834635738283 0.00831174198538 0.00442718807608 1.34900792122 1.49453033305 
97 0.0085797123611 0.00853566918522 0.00451675616205 1.35143657207 1.51671011766 
98 0.008883359842 0.00885564740747 0.00465153809637 1.35512526512 1.54720156428 
99 0.00943336542696 0.00940288603306 0.00486598582938 1.36230822086 1.60309272622 
100 0.0154390707612 0.0154390707612 0.00744971865788 1.44737835407 2.02980315642 
