mlu_x mlu_y lu90_x lu90_y lu50_x lu50_y ahc_x ahc_y competitive_ratio_x competitive_ratio_y 
0.000742219970562 3.47226241044e-05 -1.0 0.249759835183 0.0002706538653 0.0 1.2554300499 0.0 1.04465738932 4.62968321393e-05 
0.000884642720921 4.62968321393e-05 -0.98985015505 0.249759835183 0.000347660930129 1.15742080348e-05 1.25743286848 1.15742080348e-05 1.05411990664 0.000266206784801 
0.00102706547128 0.000150464704453 -0.9797003101 0.249759835183 0.000424667994957 3.47226241044e-05 1.25943568707 3.47226241044e-05 1.06358242397 0.000567136193706 
0.00116948822164 0.000208335744627 -0.96955046515 0.249759835183 0.000501675059786 8.10194562437e-05 1.26143850565 4.62968321393e-05 1.07304494129 0.00114584659545 
0.001311910972 0.00028935520087 -0.9594006202 0.249759835183 0.000578682124615 0.000162038912487 1.26344132423 9.25936642785e-05 1.08250745862 0.00202548640609 
0.00145433372236 0.000358800449079 -0.94925077525 0.249759835183 0.000655689189443 0.000243058368731 1.26544414282 0.000115742080348 1.09196997594 0.00337966874617 
0.00159675647272 0.000439819905323 -0.9391009303 0.249759835183 0.000732696254272 0.000381948865149 1.2674469614 0.000196761536592 1.10143249327 0.00576395560134 
0.00173917922308 0.000532413569601 -0.92895108535 0.249759835183 0.000809703319101 0.000416671489253 1.26944977999 0.000266206784801 1.11089501059 0.00976863158138 
0.00188160197344 0.00060185881781 -0.918801240399 0.249759835183 0.000886710383929 0.000486116737462 1.27145259857 0.000393523073184 1.12035752792 0.0155673098068 
0.0020240247238 0.000636581441915 -0.908651395449 0.249759835183 0.000963717448758 0.000567136193706 1.27345541716 0.000520839361567 1.12982004524 0.0251623282677 
0.00216644747416 0.000671304066019 -0.898501550499 0.249759835183 0.00104072451359 0.00062500723388 1.27545823574 0.000717600898159 1.13928256257 0.038241183347 
0.00230887022451 0.000717600898159 -0.888351705549 0.249759835183 0.00111773157842 0.000671304066019 1.27746105433 0.00104167872313 1.14874507989 0.0550469334136 
0.00245129297487 0.000868065602611 -0.878201860599 0.249759835183 0.00119473864324 0.000717600898159 1.27946387291 0.00138890496418 1.15820759721 0.0777323811618 
0.00259371572523 0.000925936642785 -0.868052015649 0.249759835183 0.00127174570807 0.000787046146367 1.28146669149 0.0018287248695 1.16767011454 0.103913239737 
0.00273613847559 0.000995381890994 -0.857902170699 0.249759835183 0.0013487527729 0.000856491394576 1.28346951008 0.0026273452239 1.17713263186 0.134654336277 
0.00287856122595 0.00108797555527 -0.847752325749 0.249759835183 0.00142575983773 0.000902788226716 1.28547232866 0.00350698503455 1.18659514919 0.16891399206 
0.00302098397631 0.00122686605169 -0.837602480799 0.249759835183 0.00150276690256 0.000972233474924 1.28747514725 0.00500005787104 1.19605766651 0.204956075881 
0.00316340672667 0.00142362758828 -0.827452635849 0.249759835183 0.00157977396739 0.00111112397134 1.28947796583 0.00667831803609 1.20552018384 0.242780587738 
0.00330582947703 0.00158566650077 -0.817302790899 0.249759835183 0.00165678103222 0.00121529184366 1.29148078442 0.00890056597877 1.21498270116 0.282607437586 
0.00344825222739 0.00189817011771 -0.807152945949 0.249759835183 0.00173378809704 0.00137733075614 1.293483603 0.0116089306589 1.22444521849 0.323996805519 
0.00359067497775 0.0023611384391 -0.797003100999 0.249759835183 0.00181079516187 0.00153936966863 1.29548642159 0.0150117478212 1.23390773581 0.364031991111 
0.00373309772811 0.00327550087385 -0.786853256049 0.249759835183 0.0018878022267 0.00185187328557 1.29748924017 0.0196877278672 1.24337025314 0.404784777602 
0.00387552047847 0.00498848366301 -0.776703411099 0.249759835183 0.00196480929153 0.00253475155962 1.29949205875 0.0256368707971 1.25283277046 0.44531765414 
0.00401794322883 0.00748851259853 -0.766553566149 0.249759835183 0.00204181635636 0.00363430132293 1.30149487734 0.033576777509 1.26229528779 0.483234759662 
0.00416036597919 0.0121529184366 -0.756403721198 0.249759835183 0.00211882342119 0.00503478049514 1.30349769592 0.0429634602252 1.27175780511 0.520850935775 
0.00430278872955 0.0199770830681 -0.746253876248 0.249759835183 0.00219583048602 0.0075463836387 1.30550051451 0.0548154492529 1.28122032243 0.558004143566 
0.00444521147991 0.0314124006065 -0.736104031298 0.249759835183 0.00227283755084 0.0118867116518 1.30750333309 0.0688781120152 1.29068283976 0.592865658167 
0.00458763423027 0.0472574914062 -0.725954186348 0.249759835183 0.00234984461567 0.018287248695 1.30950615168 0.0853597842568 1.30014535708 0.625863725275 
0.00473005698062 0.0696883065776 -0.715804341398 0.249759835183 0.0024268516805 0.0279980092362 1.31150897026 0.106193358719 1.30960787441 0.659104850751 
0.00487247973098 0.0971191796201 -0.705654496448 0.249759835183 0.00250385874533 0.0411463095638 1.31351178885 0.128959825924 1.31907039173 0.689880669915 
0.00501490248134 0.131228370699 -0.695504651498 0.249759835183 0.00258086581016 0.059850229748 1.31551460743 0.157166170905 1.32853290906 0.718561557425 
0.0051573252317 0.172258938182 -0.685354806548 0.249759835183 0.00265787287499 0.082130580215 1.31751742601 0.189018391417 1.33799542638 0.74592298522 
0.00529974798206 0.217780298383 -0.675204961598 0.249759835183 0.00273487993982 0.111494345999 1.3195202446 0.224377596963 1.34745794371 0.771548281809 
0.00544217073242 0.268729962152 -0.665055116648 0.249759835183 0.00281188700465 0.144203057906 1.32152306318 0.262919709719 1.35692046103 0.795437447193 
0.00558459348278 0.324112547599 -0.654905271698 0.249759835183 0.00288889406947 0.182745170662 1.32352588177 0.30449426498 1.36638297836 0.817486313499 
0.00572701623314 0.381821548861 -0.644755426748 0.249759835183 0.0029659011343 0.226252618665 1.32552870035 0.34978414102 1.37584549568 0.837197189782 
0.0058694389835 0.440433338349 -0.634605581798 0.249759835183 0.00304290819913 0.275095776571 1.32753151894 0.395699024294 1.385308013 0.856074723087 
0.00601186173386 0.497864558618 -0.624455736848 0.249759835183 0.00311991526396 0.326288498709 1.32953433752 0.443130128821 1.39477053033 0.872787879489 
0.00615428448422 0.553733260802 -0.614305891898 0.249759835183 0.00319692232879 0.379599300918 1.33153715611 0.492413106633 1.40423304765 0.887637588398 
0.00629670723458 0.607229250339 -0.604156046947 0.249759835183 0.00327392939362 0.433430942488 1.33353997469 0.540966909339 1.41369556498 0.901376173335 
0.00643912998494 0.655528420468 -0.594006201997 0.249759835183 0.00335093645845 0.488744082686 1.33554279327 0.589543860461 1.4231580823 0.913783724349 
0.0065815527353 0.701883123647 -0.583856357047 0.249759835183 0.00342794352327 0.541487748701 1.33754561186 0.635435595319 1.43262059963 0.924686628317 
0.00672397548566 0.7434461047 -0.573706512097 0.249759835183 0.0035049505881 0.593108716536 1.33954843044 0.679000914362 1.44208311695 0.933830252665 
0.00686639823602 0.781826178544 -0.563556667147 0.249759835183 0.00358195765293 0.640470375815 1.34155124903 0.72195280038 1.45154563428 0.942267850322 
0.00700882098638 0.815275639764 -0.553406822197 0.249759835183 0.00365896471776 0.686558872209 1.34355406761 0.760575932592 1.4610081516 0.949490156136 
0.00715124373673 0.844326901932 -0.543256977247 0.249759835183 0.00373597178259 0.730054746004 1.3455568862 0.794905033623 1.47047066893 0.956087454716 
0.00729366648709 0.870334147386 -0.533107132297 0.249759835183 0.00381297884742 0.769511221195 1.34755970478 0.827243370872 1.47993318625 0.962210210766 
0.00743608923745 0.891758006458 -0.522957287347 0.249759835183 0.00388998591225 0.803909767474 1.34956252337 0.853354784199 1.48939570358 0.967337584926 
0.00757851198781 0.911133230709 -0.512807442397 0.249759835183 0.00396699297708 0.833782798412 1.35156534195 0.876711536013 1.4988582209 0.97137698353 
0.00772093473817 0.92626072061 -0.502657597447 0.249759835183 0.0040440000419 0.860449773724 1.35356816053 0.896734915913 1.50832073822 0.975451104758 
0.00786335748853 0.939675227723 -0.492507752497 0.249759835183 0.00412100710673 0.883181518305 1.35557097912 0.915311519809 1.51778325555 0.978518269887 
0.00800578023889 0.950508686443 -0.482357907547 0.249759835183 0.00419801417156 0.902429426267 1.3575737977 0.9308556812 1.52724577287 0.981249782984 
0.00814820298925 0.95947869767 -0.472208062597 0.249759835183 0.00427502123639 0.919339344205 1.35957661629 0.943645181078 1.5367082902 0.983668792463 
0.00829062573961 0.96689776502 -0.462058217647 0.249759835183 0.00435202830122 0.933263116471 1.36157943487 0.953645296821 1.54617080752 0.985613259413 
0.00843304848997 0.972719591662 -0.451908372696 0.249759835183 0.00442903536605 0.945103531291 1.36358225346 0.961851410317 1.55563332485 0.987441984282 
0.00857547124033 0.977673352701 -0.441758527746 0.249759835183 0.00450604243088 0.954860588664 1.36558507204 0.968680193058 1.56509584217 0.989108670239 
0.00871789399069 0.981816919177 -0.431608682796 0.249759835183 0.0045830494957 0.963194018449 1.36758789063 0.973749696177 1.5745583595 0.990497575203 
0.00886031674105 0.98474519381 -0.421458837846 0.249759835183 0.00466005656053 0.970231136934 1.36959070921 0.978367805183 1.58402087682 0.991388789222 
0.00900273949141 0.987360964826 -0.411308992896 0.249759835183 0.00473706362536 0.975902498872 1.37159352779 0.981666454473 1.59348339415 0.992152686952 
0.00914516224177 0.989779974305 -0.401159147946 0.249759835183 0.00481407069019 0.980543756293 1.37359634638 0.984351670737 1.60294591147 0.993124920427 
0.00928758499213 0.991261472934 -0.391009302996 0.249759835183 0.00489107775502 0.984108612368 1.37559916496 0.986712809176 1.6124084288 0.993738353453 
0.00943000774249 0.992592506858 -0.380859458046 0.249759835183 0.00496808481985 0.987117906457 1.37760198355 0.988448940381 1.62187094612 0.994328638063 
0.00957243049284 0.993761501869 -0.370709613096 0.249759835183 0.00504509188468 0.989351728608 1.37960480213 0.98987256797 1.63133346344 0.994837903216 
0.0097148532432 0.994768457968 -0.360559768146 0.249759835183 0.00512209894951 0.991249898726 1.38160762072 0.991168879269 1.64079598077 0.995370316786 
0.00985727599356 0.995520781491 -0.350409923196 0.249759835183 0.00519910601433 0.993032326763 1.3836104393 0.992314725865 1.65025849809 0.995960601396 
0.00999969874392 0.99616893714 -0.340260078246 0.249759835183 0.00527611307916 0.994560122224 1.38561325788 0.993414275628 1.65972101542 0.996296253429 
0.0101421214943 0.996712924918 -0.330110233296 0.249759835183 0.00535312014399 0.995543929907 1.38761607647 0.994259192815 1.66918353274 0.99670135071 
0.0102845442446 0.99723376428 -0.319960388346 0.249759835183 0.00543012720882 0.996377272885 1.38961889505 0.995011516337 1.67864605007 0.997083299575 
0.010426966995 0.997673584185 -0.309810543396 0.249759835183 0.00550713427365 0.997094873783 1.39162171364 0.995578652531 1.68810856739 0.99734950636 
0.0105693897454 0.997951365178 -0.299660698446 0.249759835183 0.00558414133848 0.997662009977 1.39362453222 0.996087917684 1.69757108472 0.997662009977 
0.0107118124957 0.998229146171 -0.289510853495 0.249759835183 0.00566114840331 0.99811340409 1.39562735081 0.996550886006 1.70703360204 0.997847197306 
0.0108542352461 0.998437481915 -0.279361008545 0.249759835183 0.00573815546813 0.998379610875 1.39763016939 0.997141170615 1.71649611937 0.997986087802 
0.0109966579964 0.99864581766 -0.269211163595 0.249759835183 0.00581516253296 0.998657391868 1.39963298798 0.997592564729 1.72595863669 0.998252294587 
0.0111390807468 0.99881943078 -0.259061318645 0.249759835183 0.00589216959779 0.998958321277 1.40163580656 0.997870345722 1.73542115402 0.998391185083 
0.0112815034972 0.999062489149 -0.248911473695 0.249759835183 0.00596917666262 0.99917823123 1.40363862514 0.998124978298 1.74488367134 0.998541649788 
0.0114239262475 0.99917823123 -0.238761628745 0.249759835183 0.00604618372745 0.999374992766 1.40564144373 0.998576372412 1.75434618866 0.998715262908 
0.0115663489979 0.99929397331 -0.228611783795 0.249759835183 0.00612319079228 0.999444438014 1.40764426231 0.998773133948 1.76380870599 0.998842579197 
0.0117087717482 0.999374992766 -0.218461938845 0.249759835183 0.00620019785711 0.999548605887 1.4096470809 0.999062489149 1.77327122331 0.998993043901 
0.0118511944986 0.999525457471 -0.208312093895 0.249759835183 0.00627720492193 0.999606476927 1.41164989948 0.999247676478 1.78273374064 0.999097211773 
0.011993617249 0.999594902719 -0.198162248945 0.249759835183 0.00635421198676 0.999710644799 1.41365271807 0.99935184435 1.79219625796 0.99923610227 
0.0121360399993 0.999664347967 -0.188012403995 0.249759835183 0.00643121905159 0.999768515839 1.41565553665 0.999537031679 1.80165877529 0.999328695934 
0.0122784627497 0.999722219007 -0.177862559045 0.249759835183 0.00650822611642 0.999803238463 1.41765835524 0.999618051135 1.81112129261 0.999398141182 
0.0124208855 0.999756941631 -0.167712714095 0.249759835183 0.00658523318125 0.999861109504 1.41966117382 0.999699070591 1.82058380994 0.999502309055 
0.0125633082504 0.999826386879 -0.157562869145 0.249759835183 0.00666224024608 0.999872683712 1.4216639924 0.999733793215 1.83004632726 0.999571754303 
0.0127057310008 0.999861109504 -0.147413024195 0.249759835183 0.00673924731091 0.999918980544 1.42366681099 0.999768515839 1.83950884459 0.999664347967 
0.0128481537511 0.999861109504 -0.137263179244 0.249759835183 0.00681625437574 0.999965277376 1.42566962957 0.999780090047 1.84897136191 0.999756941631 
0.0129905765015 0.999872683712 -0.127113334294 0.249759835183 0.00689326144056 0.999965277376 1.42767244816 0.999872683712 1.85843387923 0.999780090047 
0.0131329992518 0.99988425792 -0.116963489344 0.249759835183 0.00697026850539 0.999965277376 1.42967526674 0.99988425792 1.86789639656 0.999780090047 
0.0132754220022 0.999895832128 -0.106813644394 0.249759835183 0.00704727557022 0.999965277376 1.43167808533 0.999895832128 1.87735891388 0.999814812671 
0.0134178447525 0.999907406336 -0.0966637994442 0.249759835183 0.00712428263505 0.999965277376 1.43368090391 0.999907406336 1.88682143121 0.999826386879 
0.0135602675029 0.999918980544 -0.0865139544941 0.249759835183 0.00720128969988 0.999965277376 1.4356837225 0.999930554752 1.89628394853 0.999895832128 
0.0137026902533 0.999930554752 -0.0763641095441 0.249759835183 0.00727829676471 0.999976851584 1.43768654108 0.999953703168 1.90574646586 0.999907406336 
0.0138451130036 0.999930554752 -0.066214264594 0.249759835183 0.00735530382954 0.999976851584 1.43968935966 0.999953703168 1.91520898318 0.999918980544 
0.013987535754 0.99994212896 -0.056064419644 0.249759835183 0.00743231089436 0.999976851584 1.44169217825 0.999965277376 1.92467150051 0.99994212896 
0.0141299585043 0.999953703168 -0.0459145746939 0.249759835183 0.00750931795919 0.999976851584 1.44369499683 0.999976851584 1.93413401783 0.999953703168 
0.0142723812547 0.999965277376 -0.0357647297438 0.249759835183 0.00758632502402 0.999976851584 1.44569781542 0.999976851584 1.94359653516 0.999965277376 
0.0144148040051 0.999965277376 -0.0256148847938 0.249759835183 0.00766333208885 0.999976851584 1.447700634 0.999976851584 1.95305905248 0.999976851584 
0.0145572267554 0.999965277376 -0.0154650398437 0.249759835183 0.00774033915368 0.999976851584 1.44970345259 0.999976851584 1.96252156981 0.999976851584 
0.0146996495058 0.999965277376 -0.00531519489363 0.289922337064 0.00781734621851 0.999976851584 1.45170627117 0.999976851584 1.97198408713 0.999976851584 
0.0148420722561 0.999976851584 0.00483465005644 0.999976851584 0.00789435328334 0.999976851584 1.45370908976 0.999976851584 1.98144660445 0.999976851584 
0.0149844950065 1.0 0.0149844950065 1.0 0.00797136034817 1.0 1.45571190834 1.0 1.99090912178 1.0 
