mlu_x mlu_y lu90_x lu90_y lu50_x lu50_y ahc_x ahc_y competitive_ratio_x competitive_ratio_y 
0.000773923995439 3.47226241044e-05 -1.0 0.728272317967 0.000271944009 0.0 1.2487254715 0.0 1.0731461844 2.31484160696e-05 
0.000929613762419 6.94452482089e-05 -0.989836570993 0.728272317967 0.000344559843361 1.15742080348e-05 1.25036960244 0.0 1.08126911567 3.47226241044e-05 
0.0010853035294 0.000162038912487 -0.979673141986 0.728272317967 0.000417175677721 4.62968321393e-05 1.25201373339 0.0 1.08939204694 8.10194562437e-05 
0.00124099329638 0.000254632576766 -0.969509712979 0.728272317967 0.000489791512082 0.000115742080348 1.25365786433 0.0 1.09751497821 0.000324077824975 
0.00139668306336 0.000324077824975 -0.959346283972 0.728272317967 0.000562407346442 0.000185187328557 1.25530199528 0.0 1.10563790949 0.000706026690124 
0.00155237283034 0.000381948865149 -0.949182854965 0.728272317967 0.000635023180803 0.000266206784801 1.25694612622 2.31484160696e-05 1.11376084076 0.00153936966863 
0.00170806259732 0.000509265153532 -0.939019425958 0.728272317967 0.000707639015163 0.00033565203301 1.25859025717 2.31484160696e-05 1.12188377203 0.0031597587935 
0.0018637523643 0.000590284609776 -0.928855996951 0.728272317967 0.000780254849524 0.000405097281219 1.26023438811 2.31484160696e-05 1.1300067033 0.00633109179504 
0.00201944213128 0.00062500723388 -0.918692567945 0.728272317967 0.000852870683884 0.000497690945497 1.26187851906 4.62968321393e-05 1.13812963458 0.010648271392 
0.00217513189826 0.000682878274054 -0.908529138938 0.728272317967 0.000925486518245 0.000567136193706 1.26352265 6.94452482089e-05 1.14625256585 0.0176853898772 
0.00233082166524 0.000775471938333 -0.898365709931 0.728272317967 0.000998102352605 0.00060185881781 1.26516678095 9.25936642785e-05 1.15437549712 0.027928563988 
0.00248651143222 0.000902788226716 -0.888202280924 0.728272317967 0.00107071818697 0.000682878274054 1.26681091189 9.25936642785e-05 1.16249842839 0.0412504774361 
0.0026422011992 0.000972233474924 -0.878038851917 0.728272317967 0.00114333402133 0.000775471938333 1.26845504284 0.000104167872313 1.17062135966 0.0572576071482 
0.00279789096618 0.00101853030706 -0.86787542291 0.728272317967 0.00121594985569 0.000787046146367 1.27009917378 0.000138890496418 1.17874429094 0.0767717218949 
0.00295358073316 0.00111112397134 -0.857711993903 0.728272317967 0.00128856569005 0.000879639810646 1.27174330473 0.000138890496418 1.18686722221 0.0988668850334 
0.00310927050014 0.00128473709186 -0.847548564896 0.728272317967 0.00136118152441 0.00093751085082 1.27338743567 0.000196761536592 1.19499015348 0.124133381173 
0.00326496026712 0.00145835021239 -0.837385135889 0.728272317967 0.00143379735877 0.00104167872313 1.27503156662 0.000231484160696 1.20311308475 0.152594358731 
0.0034206500341 0.00164353754094 -0.827221706882 0.728272317967 0.00150641319313 0.00107640134724 1.27667569757 0.00028935520087 1.21123601603 0.182594705957 
0.00357633980107 0.00202548640609 -0.817058277875 0.728272317967 0.00157902902749 0.00115742080348 1.27831982851 0.000358800449079 1.2193589473 0.213289505666 
0.00373202956805 0.00265049363997 -0.806894848868 0.728272317967 0.00165164486185 0.00121529184366 1.27996395946 0.000439819905323 1.22748187857 0.245755159203 
0.00388771933503 0.00390050810773 -0.796731419861 0.728272317967 0.00172426069621 0.00140047917221 1.2816080904 0.000520839361567 1.23560480984 0.278845819975 
0.00404340910201 0.00626164654684 -0.786567990854 0.728272317967 0.00179687653057 0.0015972407088 1.28325222135 0.000636581441915 1.24372774112 0.312098519659 
0.00419909886899 0.0100579867823 -0.776404561847 0.728272317967 0.00186949236493 0.00187502170164 1.28489635229 0.000787046146367 1.25185067239 0.346809569555 
0.00435478863597 0.0169909373951 -0.766241132841 0.728272317967 0.00194210819929 0.00240743527124 1.28654048324 0.000995381890994 1.25997360366 0.381416451579 
0.00451047840295 0.0275697635389 -0.756077703834 0.728272317967 0.00201472403365 0.00333337191403 1.28818461418 0.00134260813204 1.26809653493 0.416092778852 
0.00466616816993 0.043889396868 -0.745914274827 0.728272317967 0.00208733986801 0.00504635470318 1.28982874513 0.00170140858112 1.27621946621 0.449530665864 
0.00482185793691 0.0661813215431 -0.73575084582 0.728272317967 0.00215995570237 0.00796305512795 1.29147287607 0.00222224794268 1.28434239748 0.482366694059 
0.00497754770389 0.0963437076818 -0.725587416813 0.728272317967 0.00223257153673 0.0128357967106 1.29311700702 0.00275466151229 1.29246532875 0.514438824523 
0.00513323747087 0.135406659799 -0.715423987806 0.728272317967 0.00230518737109 0.0210071875832 1.29476113796 0.00336809453813 1.30058826002 0.546568826028 
0.00528892723785 0.181553027234 -0.705260558799 0.728272317967 0.00237780320545 0.0328013055707 1.29640526891 0.00422458593271 1.3087111913 0.576638618503 
0.00544461700483 0.233822150719 -0.695097129792 0.728272317967 0.00245041903981 0.0495723330131 1.29804939985 0.00513894836746 1.31683412257 0.6064537784 
0.00560030677181 0.292341346543 -0.684933700785 0.728272317967 0.00252303487418 0.072466116506 1.2996935308 0.0064815564995 1.32495705384 0.635099943286 
0.00575599653879 0.356393013808 -0.674770271778 0.728272317967 0.00259565070854 0.102211831155 1.30133766174 0.00778944200743 1.33307998511 0.663456752972 
0.00591168630577 0.421150707763 -0.664606842771 0.728272317967 0.0026682665429 0.138983090082 1.30298179269 0.0094098311323 1.34120291639 0.689174643225 
0.00606737607275 0.485051910323 -0.654443413764 0.728272317967 0.00274088237726 0.183497494184 1.30462592363 0.0114237433304 1.34932584766 0.714186506788 
0.00622306583973 0.547645227375 -0.644279984757 0.728272317967 0.00281349821162 0.232849917244 1.30627005458 0.0138427528096 1.35744877893 0.738295582125 
0.00637875560671 0.607854257572 -0.63411655575 0.728272317967 0.00288611404598 0.288325096355 1.30791418552 0.0172224215558 1.3655717102 0.760321300015 
0.00653444537369 0.663919721293 -0.623953126743 0.728272317967 0.00295872988034 0.348858204377 1.30955831647 0.0205905160939 1.37369464147 0.78243961157 
0.00669013514067 0.714452713573 -0.613789697737 0.728272317967 0.0030313457147 0.409912151761 1.31120244741 0.0249771409391 1.38181757275 0.804013935346 
0.00684582490765 0.759638421741 -0.60362626873 0.728272317967 0.00310396154906 0.473720760657 1.31284657836 0.0303822960914 1.38994050402 0.823609069549 
0.00700151467463 0.801201402794 -0.593462839723 0.728272317967 0.00317657738342 0.535098785866 1.3144907093 0.0368754267989 1.39806343529 0.840796768481 
0.00715720444161 0.837081447702 -0.583299410716 0.728272317967 0.00324919321778 0.594798550909 1.31613484025 0.0437852289957 1.40618636656 0.857127976018 
0.00731289420859 0.866873459184 -0.573135981709 0.728272317967 0.00332180905214 0.649532980706 1.3177789712 0.0524543108138 1.41430929784 0.872336485376 
0.00746858397557 0.891549670714 -0.562972552702 0.728272317967 0.0033944248865 0.70074885126 1.31942310214 0.063160453246 1.42243222911 0.885994050857 
0.00762427374255 0.913320756027 -0.552809123695 0.728272317967 0.00346704072086 0.747311890184 1.32106723309 0.0749661454415 1.43055516038 0.89893401544 
0.00777996350953 0.930473732335 -0.542645694688 0.728272317967 0.00353965655522 0.788492922372 1.32271136403 0.0889709371636 1.43867809165 0.910751281844 
0.00793565327651 0.944675285594 -0.532482265681 0.728272317967 0.00361227238958 0.824280373615 1.32435549498 0.105290570493 1.44680102293 0.921364830611 
0.00809134304349 0.956018009468 -0.522318836674 0.728272317967 0.00368488822394 0.855183509068 1.32599962592 0.123485225523 1.4549239542 0.930496880751 
0.00824703281047 0.965346821144 -0.512155407667 0.728272317967 0.0037575040583 0.881306496603 1.32764375687 0.144075741617 1.46304688547 0.938969201032 
0.00840272257745 0.972522830125 -0.50199197866 0.728272317967 0.00383011989266 0.903783608607 1.32928788781 0.16744406764 1.47116981674 0.946341971551 
0.00855841234443 0.978275211519 -0.491828549653 0.728272317967 0.00390273572702 0.921249088531 1.33093201876 0.192872602692 1.47929274802 0.953344367412 
0.00871410211141 0.98280072686 -0.481665120646 0.728272317967 0.00397535156138 0.936573339969 1.3325761497 0.220916908761 1.48741567929 0.959258787717 
0.00886979187839 0.98592576303 -0.471501691639 0.728272317967 0.00404796739575 0.948043380132 1.33422028065 0.252896445561 1.49553861056 0.964640794454 
0.00902548164537 0.988668850334 -0.461338262632 0.728272317967 0.00412058323011 0.958031921666 1.33586441159 0.285211634394 1.50366154183 0.969166309795 
0.00918117141235 0.991111008229 -0.451174833626 0.728272317967 0.00419319906447 0.966330628827 1.33750854254 0.321485202375 1.51178447311 0.973032095279 
0.00933686117933 0.992627229482 -0.441011404619 0.728272317967 0.00426581489883 0.972927927407 1.33915267348 0.358777300663 1.51990740438 0.976955751803 
0.00949255094631 0.993958263406 -0.430847975612 0.728272317967 0.00433843073319 0.978182617854 1.34079680443 0.397261542379 1.52803033565 0.980242826885 
0.00964824071329 0.994918922673 -0.420684546605 0.728272317967 0.00441104656755 0.982592391116 1.34244093537 0.437493489508 1.53615326692 0.982962765773 
0.00980393048027 0.995682820403 -0.410521117598 0.728272317967 0.00448366240191 0.986122524566 1.34408506632 0.478662947488 1.5442761982 0.98527760738 
0.00995962024725 0.996400421301 -0.400357688591 0.728272317967 0.00455627823627 0.988703572958 1.34572919726 0.520827787359 1.55239912947 0.987268371162 
0.0101153100142 0.996955983287 -0.390194259584 0.728272317967 0.00462889407063 0.991006840357 1.34737332821 0.561650019097 1.56052206074 0.988992928159 
0.0102709997812 0.997511545273 -0.380030830577 0.728272317967 0.00470150990499 0.993055475179 1.34901745915 0.60185881781 1.56864499201 0.990624891492 
0.0104266895482 0.997916642554 -0.36986740157 0.728272317967 0.00477412573935 0.994467528559 1.3506615901 0.641581499786 1.57676792328 0.991840183335 
0.0105823793152 0.998194423547 -0.359703972563 0.728272317967 0.00484674157371 0.995613375155 1.35230572104 0.680528709823 1.58489085456 0.992835565226 
0.0107380690821 0.998506927164 -0.349540543556 0.728272317967 0.00491935740807 0.996504589173 1.35394985199 0.717670343407 1.59301378583 0.993773076077 
0.0108937588491 0.998749985532 -0.339377114549 0.728272317967 0.00499197324243 0.997256912696 1.35559398293 0.753318904154 1.6011367171 0.9945253996 
0.0110494486161 0.998946747069 -0.329213685542 0.728272317967 0.00506458907679 0.997812474681 1.35723811388 0.78650215859 1.60925964837 0.995173555249 
0.0112051383831 0.999131934397 -0.319050256535 0.728272317967 0.00513720491115 0.998287017211 1.35888224483 0.816294170071 1.61738257965 0.995705968819 
0.0113608281501 0.999305547518 -0.308886827528 0.728272317967 0.00520982074551 0.99876155974 1.36052637577 0.844060695147 1.62550551092 0.995960601396 
0.011516517917 0.999398141182 -0.298723398522 0.728272317967 0.00528243657987 0.998946747069 1.36217050672 0.868412828852 1.63362844219 0.996435143925 
0.011672207684 0.999502309055 -0.288559969515 0.728272317967 0.00535505241423 0.999108785981 1.36381463766 0.890102894709 1.64175137346 0.996747647542 
0.011827897451 0.999571754303 -0.278396540508 0.728272317967 0.00542766824859 0.999259250686 1.36545876861 0.909015150638 1.64987430474 0.997164319031 
0.011983587218 0.999652773759 -0.268233111501 0.728272317967 0.00550028408295 0.999386566974 1.36710289955 0.924918112478 1.65799723601 0.997453674232 
0.012139276985 0.999733793215 -0.258069682494 0.728272317967 0.00557289991732 0.99946758643 1.3687470305 0.939652079306 1.66612016728 0.997824048889 
0.0122949667519 0.999814812671 -0.247906253487 0.728272317967 0.00564551575168 0.999560180095 1.37039116144 0.951631384623 1.67424309855 0.99799766201 
0.0124506565189 0.999826386879 -0.23774282448 0.728272317967 0.00571813158604 0.999641199551 1.37203529239 0.961353719372 1.68236602983 0.99817127513 
0.0126063462859 0.999849535296 -0.227579395473 0.728272317967 0.0057907474204 0.999699070591 1.37367942333 0.969710297573 1.6904889611 0.998333314043 
0.0127620360529 0.999861109504 -0.217415966466 0.728272317967 0.00586336325476 0.999722219007 1.37532355428 0.976180279864 1.69861189237 0.998541649788 
0.0129177258199 0.99988425792 -0.207252537459 0.728272317967 0.00593597908912 0.999768515839 1.37696768522 0.981631731849 1.70673482364 0.99881943078 
0.0130734155868 0.99988425792 -0.197089108452 0.728272317967 0.00600859492348 0.999826386879 1.37861181617 0.985786872533 1.71485775492 0.998935172861 
0.0132291053538 0.999895832128 -0.186925679445 0.728272317967 0.00608121075784 0.999849535296 1.38025594711 0.989108670239 1.72298068619 0.999050914941 
0.0133847951208 0.999907406336 -0.176762250438 0.728272317967 0.0061538265922 0.999895832128 1.38190007806 0.991921202792 1.73110361746 0.999143508605 
0.0135404848878 0.999907406336 -0.166598821431 0.728272317967 0.00622644242656 0.999930554752 1.383544209 0.993807798701 1.73922654873 0.999259250686 
0.0136961746548 0.999930554752 -0.156435392424 0.728272317967 0.00629905826092 0.99994212896 1.38518833995 0.995185129458 1.74734948001 0.999363418558 
0.0138518644217 0.999953703168 -0.146271963418 0.728272317967 0.00637167409528 0.99994212896 1.38683247089 0.996203659765 1.75547241128 0.999456012222 
0.0140075541887 0.999953703168 -0.136108534411 0.728272317967 0.00644428992964 0.99994212896 1.38847660184 0.997037002743 1.76359534255 0.999525457471 
0.0141632439557 0.999965277376 -0.125945105404 0.728272317967 0.006516905764 0.99994212896 1.39012073278 0.997800900473 1.77171827382 0.999583328511 
0.0143189337227 0.999965277376 -0.115781676397 0.728272317967 0.00658952159836 0.999953703168 1.39176486373 0.998402759291 1.77984120509 0.999652773759 
0.0144746234897 0.999976851584 -0.10561824739 0.728272317967 0.00666213743272 0.999976851584 1.39340899467 0.998877301821 1.78796413637 0.999699070591 
0.0146303132566 0.999976851584 -0.0954548183829 0.728272317967 0.00673475326708 0.999976851584 1.39505312562 0.999143508605 1.79608706764 0.999756941631 
0.0147860030236 0.999976851584 -0.0852913893759 0.728272317967 0.00680736910144 0.999976851584 1.39669725657 0.999340270142 1.80420999891 0.999803238463 
0.0149416927906 0.999976851584 -0.075127960369 0.728272317967 0.0068799849358 0.999976851584 1.39834138751 0.999490734846 1.81233293018 0.999849535296 
0.0150973825576 0.999976851584 -0.0649645313621 0.728272317967 0.00695260077016 0.999976851584 1.39998551846 0.999652773759 1.82045586146 0.999872683712 
0.0152530723246 0.999976851584 -0.0548011023551 0.728272317967 0.00702521660452 0.999976851584 1.4016296494 0.999733793215 1.82857879273 0.999895832128 
0.0154087620915 0.999976851584 -0.0446376733482 0.728272317967 0.00709783243889 0.999976851584 1.40327378035 0.999861109504 1.836701724 0.999930554752 
0.0155644518585 0.999976851584 -0.0344742443413 0.728272317967 0.00717044827325 0.999976851584 1.40491791129 0.999918980544 1.84482465527 0.99994212896 
0.0157201416255 0.999976851584 -0.0243108153343 0.728272317967 0.00724306410761 0.999976851584 1.40656204224 0.999953703168 1.85294758655 0.999965277376 
0.0158758313925 0.999976851584 -0.0141473863274 0.728272317967 0.00731567994197 0.999976851584 1.40820617318 0.999965277376 1.86107051782 0.999976851584 
0.0160315211595 0.999976851584 -0.00398395732045 0.877903679441 0.00738829577633 0.999976851584 1.40985030413 0.999976851584 1.86919344909 0.999976851584 
0.0161872109264 0.999976851584 0.00617947168648 0.999976851584 0.00746091161069 0.999976851584 1.41149443507 0.999976851584 1.87731638036 0.999976851584 
0.0163429006934 1.0 0.0163429006934 1.0 0.00753352744505 1.0 1.41313856602 1.0 1.88543931164 1.0 
