x_range mlu lu90 lu50 ahc competitive_ratio 
0 0.000761529838201 0.000761529838201 0.000246496172622 1.30664629459 1.0484937706 
1 0.00432027783245 0.00432027783245 0.00230532162823 1.33176297665 1.13413547583 
2 0.00453358190134 0.00453358190134 0.00241935695522 1.33454937458 1.14717582873 
3 0.00466356147081 0.00466356147081 0.00248578866012 1.33603388786 1.15615348093 
4 0.00476057967171 0.00476057967171 0.00253806542605 1.3371046257 1.16294551494 
5 0.00484320148826 0.00484320148826 0.00258128833957 1.3379567337 1.16881387563 
6 0.00490892725065 0.00490892725065 0.00261773401871 1.3386727047 1.17411000398 
7 0.0049672559835 0.0049672559835 0.00265086907893 1.33925754547 1.17869892775 
8 0.00502161774784 0.00502161774784 0.00268035777844 1.33980733871 1.18320064228 
9 0.0050701694563 0.0050701694563 0.0027076760307 1.34026426792 1.18706223368 
10 0.00511597562581 0.00511597562581 0.00273088295944 1.34069628239 1.19103412266 
11 0.00515967095271 0.00515967095271 0.00275422958657 1.34108001709 1.194515379 
12 0.00520128989592 0.00520128989592 0.00277627632022 1.34145576477 1.19782698633 
13 0.005239631515 0.005239631515 0.00279759243131 1.34181005478 1.20092982586 
14 0.00527604436502 0.00527604436502 0.00281797419302 1.34212548256 1.20398907639 
15 0.00531131122261 0.00531131122261 0.00283706840128 1.34243483067 1.20696838191 
16 0.00534295337275 0.00534295337275 0.00285680149682 1.34272129059 1.21000464453 
17 0.00537487398833 0.00537487398833 0.00287527800538 1.34299165726 1.21284162379 
18 0.00540824187919 0.00540824187919 0.00289342273027 1.34326869965 1.21550280397 
19 0.00543796829879 0.00543796829879 0.00291036209092 1.34352058887 1.21811911903 
20 0.00546812312678 0.00546812312678 0.00292639201507 1.34377653122 1.22072189861 
21 0.00549705466256 0.00549705466256 0.00294207409024 1.34401745319 1.22338551274 
22 0.00552601367235 0.00552601367235 0.00295810424723 1.34424132824 1.2258682574 
23 0.00555318174884 0.00555318174884 0.00297450716607 1.34446424961 1.22824882064 
24 0.00558077916503 0.00558077916503 0.00298938015476 1.34468371391 1.23077726675 
25 0.00560757704079 0.00560757704079 0.00300509575754 1.34489972115 1.23312010698 
26 0.00563404243439 0.00563404243439 0.00301985163242 1.34511894703 1.23546769626 
27 0.00566111225635 0.00566111225635 0.0030344130937 1.34532351017 1.23771402736 
28 0.0056878766045 0.0056878766045 0.00304812379181 1.34551198006 1.24004416153 
29 0.00571329798549 0.00571329798549 0.00306251714937 1.34570664883 1.24235472569 
30 0.00573973543942 0.00573973543942 0.00307585974224 1.34590715885 1.24465220541 
31 0.00576479034498 0.00576479034498 0.00309029687196 1.34611207962 1.24689429819 
32 0.00578912161291 0.00578912161291 0.00310421618633 1.34629947662 1.24896512112 
33 0.00581198744476 0.00581198744476 0.00311771174893 1.34648508549 1.25101181066 
34 0.00583519227803 0.00583519227803 0.00313115329482 1.34667164803 1.25332135843 
35 0.0058594555594 0.0058594555594 0.00314433034509 1.34685177326 1.25568131303 
36 0.00588155770674 0.00588155770674 0.00315739610232 1.34703166008 1.25777008433 
37 0.00590578094125 0.00590578094125 0.003170235781 1.34721905708 1.25994609023 
38 0.00592999951914 0.00592999951914 0.00318440794945 1.34739155293 1.26214809884 
39 0.00595405325294 0.00595405325294 0.00319702830166 1.34755880356 1.26424337814 
40 0.00597867136821 0.00597867136821 0.00320963468403 1.34772045135 1.2663702757 
41 0.00600348971784 0.00600348971784 0.00322256912477 1.34789926529 1.26842089858 
42 0.00602699862793 0.00602699862793 0.00323532056063 1.34807044983 1.27055608549 
43 0.00605123396963 0.00605123396963 0.00324844894931 1.34824139595 1.27267636587 
44 0.00607477826998 0.00607477826998 0.00326239550486 1.34840578556 1.2747890345 
45 0.00609883386642 0.00609883386642 0.00327579001896 1.34857041359 1.27682856246 
46 0.00612268596888 0.00612268596888 0.00328928371891 1.34873635292 1.27904449657 
47 0.00614526495337 0.00614526495337 0.0033019836992 1.34889740467 1.281194769 
48 0.0061688455753 0.0061688455753 0.00331465178169 1.34906537056 1.28332298849 
49 0.00619099708274 0.00619099708274 0.00332834175788 1.34923309803 1.28565490852 
50 0.00621573021635 0.00621573021635 0.00334126641974 1.34939593792 1.28799935667 
51 0.00624013785273 0.00624013785273 0.00335435033776 1.34955162525 1.29030297097 
52 0.00626456225291 0.00626456225291 0.00336792343296 1.34971577644 1.29264630673 
53 0.00629037572071 0.00629037572071 0.00338125950657 1.3498885107 1.29474250881 
54 0.0063154748641 0.0063154748641 0.00339550175704 1.3500539732 1.29711928003 
55 0.00634144293144 0.00634144293144 0.0034090213012 1.35020298481 1.29950549223 
56 0.00636602798477 0.00636602798477 0.00342243490741 1.35037381172 1.30176368341 
57 0.00639090919867 0.00639090919867 0.00343607156537 1.35054177761 1.30410108035 
58 0.00641636783257 0.00641636783257 0.00345111335628 1.35071129322 1.30641826142 
59 0.00644228188321 0.00644228188321 0.00346554396674 1.35086972237 1.30889240929 
60 0.0064691780135 0.0064691780135 0.00347939017229 1.35103625774 1.3113264955 
61 0.00649491278455 0.00649491278455 0.00349363009445 1.35120791912 1.31390460484 
62 0.00652076816186 0.00652076816186 0.00350866094232 1.35137087822 1.3164875932 
63 0.00654751062393 0.00654751062393 0.00352405454032 1.35154277802 1.31886797467 
64 0.00657307589427 0.00657307589427 0.00353907118551 1.35171372414 1.3214072635 
65 0.00659977179021 0.00659977179021 0.0035537246149 1.35188443184 1.32404148561 
66 0.00662786280736 0.00662786280736 0.00357000553049 1.35206706047 1.32663002126 
67 0.00665553333238 0.00665553333238 0.00358579633757 1.35224933147 1.32935573177 
68 0.00668407371268 0.00668407371268 0.00360235059634 1.35242754936 1.33223069893 
69 0.0067125489004 0.0067125489004 0.00361861498095 1.3526192379 1.33499259101 
70 0.0067415041849 0.0067415041849 0.00363463582471 1.35280448914 1.33783115116 
71 0.0067699663341 0.0067699663341 0.0036523968447 1.35299355507 1.34067673955 
72 0.00679986132309 0.00679986132309 0.00366864143871 1.35318345547 1.34362923808 
73 0.00683135585859 0.00683135585859 0.00368612119928 1.35337490559 1.34664663602 
74 0.00686260918155 0.00686260918155 0.00370288058184 1.3535675478 1.34993261562 
75 0.00689671002328 0.00689671002328 0.00372147094458 1.35377056122 1.35316296297 
76 0.0069308327511 0.0069308327511 0.00374131510034 1.35398096561 1.3565311026 
77 0.00696593848988 0.00696593848988 0.00376157369465 1.35421151638 1.35979059137 
78 0.00700120907277 0.00700120907277 0.00378151331097 1.35443562984 1.36332704886 
79 0.00703791575506 0.00703791575506 0.00380261009559 1.35465890884 1.36682439622 
80 0.00707782385871 0.00707782385871 0.00382500048727 1.35488564491 1.37031806737 
81 0.00712087191641 0.00712087191641 0.00384808564559 1.35513765335 1.37411306564 
82 0.00716488063335 0.00716488063335 0.00387141155079 1.35540170193 1.37855969892 
83 0.00720969587564 0.00720969587564 0.00389465247281 1.35566658497 1.38287046395 
84 0.00725503033027 0.00725503033027 0.00391911482438 1.35595411777 1.38719285408 
85 0.00730339437723 0.00730339437723 0.00394727149978 1.35623354435 1.39196845922 
86 0.00735275354236 0.00735275354236 0.00397358508781 1.35652775288 1.3967798224 
87 0.00740761309862 0.00740761309862 0.00400413479656 1.35684592247 1.40209508565 
88 0.00746558187529 0.00746558187529 0.00403638277203 1.35717207909 1.40755935677 
89 0.00752864871174 0.00752864871174 0.00407162774354 1.35752994537 1.41334969908 
90 0.00759869860485 0.00759869860485 0.00410982593894 1.35792464733 1.42013772647 
91 0.00766990613192 0.00766990613192 0.00415056571364 1.3583232832 1.42734608134 
92 0.00775249674916 0.00775249674916 0.00419367384166 1.35874874115 1.43541603421 
93 0.0078450711444 0.0078450711444 0.00424582744017 1.35926646709 1.44380136306 
94 0.00794197246432 0.00794197246432 0.0043052979745 1.35981971741 1.45319529768 
95 0.00806223414838 0.00806223414838 0.00436960160732 1.36048478603 1.46428976293 
96 0.00820793304592 0.00820793304592 0.00444646878168 1.36126906395 1.47801372825 
97 0.00840893480927 0.00840893480927 0.00454677501693 1.3623283577 1.49549326501 
98 0.00867483112961 0.00867483112961 0.00468475045636 1.36379343987 1.51964985533 
99 0.00916811358184 0.00916811358184 0.0049033719115 1.36627203941 1.5597675872 
100 0.0158936269581 0.0158936269581 0.00774474162608 1.38741428375 1.90172590755 
