x_range mlu lu90 lu50 ahc competitive_ratio 
0 0.000504071125761 -1.0 0.0 1.0 1.0 
1 0.00336732435971 -1.0 0.00336732435971 1.0 1.0 
2 0.00353116448969 -1.0 0.00353116448969 1.0 1.0 
3 0.00363576877862 -1.0 0.00363576877862 1.0 1.0 
4 0.00371281779371 -1.0 0.00371281779371 1.0 1.0 
5 0.00377543107606 -1.0 0.00377543107606 1.0 1.0 
6 0.00382648897357 -1.0 0.00382648897357 1.0 1.0 
7 0.00387182226405 -1.0 0.00387182226405 1.0 1.0 
8 0.00391463097185 -1.0 0.00391463097185 1.0 1.0 
9 0.00395199982449 -1.0 0.00395199982449 1.0 1.0 
10 0.0039851735346 0.00329283555038 0.0039851735346 1.0 1.0 
11 0.00401813350618 0.00351630221121 0.00401813350618 1.0 1.0 
12 0.00404888903722 0.00363978673704 0.00404888903722 1.0 1.0 
13 0.00407807994634 0.00372504885308 0.00407807994634 1.0 1.0 
14 0.00410560006276 0.00379299558699 0.00410560006276 1.0 1.0 
15 0.00413436442614 0.00384903117083 0.00413436442614 1.0 1.0 
16 0.00415957346559 0.00389763549902 0.00415957346559 1.0 1.0 
17 0.00418471125886 0.00394087098539 0.00418471125886 1.0 1.0 
18 0.00421016896144 0.003978560213 0.00421016896144 1.0 1.0 
19 0.00423324434087 0.00401504011825 0.00423324434087 1.0 1.0 
20 0.00425589317456 0.004048533272 0.00425589317456 1.0 1.0 
21 0.00427783094347 0.00408078217879 0.00427783094347 1.0 1.0 
22 0.00429895101115 0.00411061337218 0.00429895101115 1.0 1.0 
23 0.00432035559788 0.00414044456556 0.00432035559788 1.0 1.0 
24 0.00434062210843 0.00416785757989 0.00434062210843 1.0 1.0 
25 0.00436106650159 0.00419573346153 0.00436106650159 1.0 1.0 
26 0.00438257772475 0.00422346685082 0.00438257772475 1.0 1.0 
27 0.00440063979477 0.0042474665679 0.00440063979477 1.0 1.0 
28 0.00442033773288 0.00427160877734 0.00442033773288 1.0 1.0 
29 0.00443911133334 0.00429557310417 0.00443911133334 1.0 1.0 
30 0.00445820437744 0.00431868433952 0.00445820437744 1.0 1.0 
31 0.00447715539485 0.00434104911983 0.00447715539485 1.0 1.0 
32 0.00449511129409 0.0043633421883 0.00449511129409 1.0 1.0 
33 0.00451381318271 0.00438606226817 0.00451381318271 1.0 1.0 
34 0.00453109340742 0.00440608011559 0.00453109340742 1.0 1.0 
35 0.00454837316647 0.00442787539214 0.00454837316647 1.0 1.0 
36 0.00456625781953 0.00444935122505 0.00456625781953 1.0 1.0 
37 0.00458439113572 0.00446911994368 0.00458439113572 1.0 1.0 
38 0.00460142223164 0.00448970682919 0.00460142223164 1.0 1.0 
39 0.00461937766522 0.00450993794948 0.00461937766522 1.0 1.0 
40 0.00463811540976 0.0045295287855 0.00463811540976 1.0 1.0 
41 0.00465493323281 0.00454833777621 0.00465493323281 1.0 1.0 
42 0.00467260461301 0.00456828437746 0.00467260461301 1.0 1.0 
43 0.00469024013728 0.0045877690427 0.00469024013728 1.0 1.0 
44 0.00470748450607 0.0046072890982 0.00470748450607 1.0 1.0 
45 0.00472540454939 0.00462691532448 0.00472540454939 1.0 1.0 
46 0.00474261352792 0.00464664911851 0.00474261352792 1.0 1.0 
47 0.0047598220408 0.00466563552618 0.0047598220408 1.0 1.0 
48 0.0047769243829 0.00468512019143 0.0047769243829 1.0 1.0 
49 0.00479463115335 0.00470403535292 0.00479463115335 1.0 1.0 
50 0.00481084454805 0.00472391117364 0.00481084454805 1.0 1.0 
51 0.00482744909823 0.00474264891818 0.00482744909823 1.0 1.0 
52 0.00484472885728 0.00476117338985 0.00484472885728 1.0 1.0 
53 0.00486204447225 0.00478005316108 0.00486204447225 1.0 1.0 
54 0.00487989326939 0.00479943118989 0.00487989326939 1.0 1.0 
55 0.00489816907793 0.00481664016843 0.00489816907793 1.0 1.0 
56 0.00491552008316 0.0048354845494 0.00491552008316 1.0 1.0 
57 0.00493240868673 0.00485450681299 0.00493240868673 1.0 1.0 
58 0.00495157344267 0.00487359985709 0.00495157344267 1.0 1.0 
59 0.00497006205842 0.00489308452234 0.00497006205842 1.0 1.0 
60 0.0049896533601 0.00491324439645 0.0049896533601 1.0 1.0 
61 0.00500846235082 0.00493180425838 0.00500846235082 1.0 1.0 
62 0.00502805318683 0.0049525690265 0.00502805318683 1.0 1.0 
63 0.00504789315164 0.00497308466583 0.00504789315164 1.0 1.0 
64 0.0050671286881 0.00499445339665 0.0050671286881 1.0 1.0 
65 0.00508675538003 0.00501482654363 0.00508675538003 1.0 1.0 
66 0.00510837323964 0.00503768911585 0.00510837323964 1.0 1.0 
67 0.00512917339802 0.00505887996405 0.00512917339802 1.0 1.0 
68 0.00514911999926 0.00508007127792 0.00514911999926 1.0 1.0 
69 0.00517087988555 0.00510289799422 0.00517087988555 1.0 1.0 
70 0.00519214244559 0.00512593798339 0.00519214244559 1.0 1.0 
71 0.00521351117641 0.00514762662351 0.00521351117641 1.0 1.0 
72 0.00523598212749 0.00517109315842 0.00523598212749 1.0 1.0 
73 0.00525791989639 0.00519473757595 0.00525791989639 1.0 1.0 
74 0.00528024882078 0.00521799130365 0.00528024882078 1.0 1.0 
75 0.00530435563996 0.00524206226692 0.00530435563996 1.0 1.0 
76 0.00532920891419 0.00526723545045 0.00532920891419 1.0 1.0 
77 0.00535480910912 0.0052927643992 0.00535480910912 1.0 1.0 
78 0.00538158230484 0.00531839998439 0.00538158230484 1.0 1.0 
79 0.00540814222768 0.00534684443846 0.00540814222768 1.0 1.0 
80 0.00543495127931 0.0053751822561 0.00543495127931 1.0 1.0 
81 0.00546200899407 0.00540501344949 0.00546200899407 1.0 1.0 
82 0.00549087999389 0.0054344534874 0.00549087999389 1.0 1.0 
83 0.00552401784807 0.005465564318 0.00552401784807 1.0 1.0 
84 0.00555623089895 0.00549742206931 0.00555623089895 1.0 1.0 
85 0.00559178646654 0.00553407985717 0.00559178646654 1.0 1.0 
86 0.00562848011032 0.0055701690726 0.00562848011032 1.0 1.0 
87 0.00566656002775 0.00561105785891 0.00566656002775 1.0 1.0 
88 0.00570563552901 0.00565368868411 0.00570563552901 1.0 1.0 
89 0.00574872875586 0.00569582218304 0.00574872875586 1.0 1.0 
90 0.0057953777723 0.00574247119948 0.0057953777723 1.0 1.0 
91 0.00584462238476 0.00579370651394 0.00584462238476 1.0 1.0 
92 0.00590175995603 0.00584771577269 0.00590175995603 1.0 1.0 
93 0.00596060464159 0.00591111090034 0.00596060464159 1.0 1.0 
94 0.00602823123336 0.00597984017804 0.00602823123336 1.0 1.0 
95 0.00611100438982 0.00606023101136 0.00611100438982 1.0 1.0 
96 0.00620661349967 0.00615658657625 0.00620661349967 1.0 1.0 
97 0.00633358210325 0.00628526229411 0.00633358210325 1.0 1.0 
98 0.00650919089094 0.00645902240649 0.00650919089094 1.0 1.0 
99 0.00681205326691 0.00675562676042 0.00681205326691 1.0 1.0 
100 0.00988241750747 0.00967605318874 0.00988241750747 1.0 1.0 
