mlu_x mlu_y lu90_x lu90_y lu50_x lu50_y ahc_x ahc_y 
0.0045153144747 4.62968321393e-05 0.00344917573966 3.47226241044e-05 0.0022642891854 3.47226241044e-05 1.80079276085 1.15742080348e-05 1.20929427722 8.10194562437e-05 
0.00501628072545 6.94452482089e-05 0.00387269178276 8.10194562437e-05 0.0025980208106 0.000115742080348 1.80081184378 1.15742080348e-05 1.21937755749 0.000706026690124 
0.0055172469762 0.000104167872313 0.00429620782587 9.25936642785e-05 0.00293175243579 0.000185187328557 1.80083092671 1.15742080348e-05 1.22946083776 0.00261577101587 
0.00601821322695 0.000115742080348 0.00471972386897 0.000150464704453 0.00326548406098 0.000196761536592 1.80085000963 1.15742080348e-05 1.23954411802 0.00631951758701 
0.0065191794777 0.000185187328557 0.00514323991207 0.000196761536592 0.00359921568617 0.000243058368731 1.80086909256 2.31484160696e-05 1.24962739829 0.0102778967349 
0.00702014572845 0.000196761536592 0.00556675595517 0.000208335744627 0.00393294731137 0.00028935520087 1.80088817549 2.31484160696e-05 1.25971067855 0.0140858111784 
0.0075211119792 0.000266206784801 0.00599027199827 0.000243058368731 0.00426667893656 0.000358800449079 1.80090725842 3.47226241044e-05 1.26979395882 0.0180094677022 
0.00802207822994 0.000324077824975 0.00641378804138 0.000347226241044 0.00460041056175 0.000428245697288 1.80092634135 3.47226241044e-05 1.27987723909 0.0219909952661 
0.00852304448069 0.000370374657114 0.00683730408448 0.000393523073184 0.00493414218694 0.000462968321393 1.80094542428 3.47226241044e-05 1.28996051935 0.0275234667068 
0.00902401073144 0.000451394113358 0.00726082012758 0.000439819905323 0.00526787381213 0.000520839361567 1.80096450721 4.62968321393e-05 1.30004379962 0.0345258625679 
0.00952497698219 0.000509265153532 0.00768433617068 0.000497690945497 0.00560160543733 0.000543987777636 1.80098359014 8.10194562437e-05 1.31012707988 0.0442366231091 
0.0100259432329 0.000613433025845 0.00810785221379 0.000567136193706 0.00593533706252 0.00064815564995 1.80100267306 0.000127316288383 1.32021036015 0.0597229134596 
0.0105269094837 0.000682878274054 0.00853136825689 0.000636581441915 0.00626906868771 0.000729175106193 1.80102175599 0.000185187328557 1.33029364041 0.0800935196009 
0.0110278757344 0.000740749314228 0.00895488429999 0.000763897730298 0.0066028003129 0.000810194562437 1.80104083892 0.000277780992836 1.34037692068 0.102234979572 
0.0115288419852 0.000787046146367 0.00937840034309 0.000821768770472 0.0069365319381 0.000844917186542 1.80105992185 0.000358800449079 1.35046020095 0.123404206067 
0.0120298082359 0.000868065602611 0.00980191638619 0.000879639810646 0.00727026356329 0.000925936642785 1.80107900478 0.000497690945497 1.36054348121 0.142038681003 
0.0125307744867 0.00091436243475 0.0102254324293 0.00091436243475 0.00760399518848 0.000983807682959 1.80109808771 0.000717600898159 1.37062676148 0.160430097571 
0.0130317407374 0.00096065926689 0.0106489484724 0.00096065926689 0.00793772681367 0.00104167872313 1.80111717064 0.00115742080348 1.38071004174 0.180858574752 
0.0135327069882 0.0010301045151 0.0110724645155 0.000995381890994 0.00827145843887 0.00112269817938 1.80113625356 0.00155094387667 1.39079332201 0.209180661813 
0.0140336732389 0.00109954976331 0.0114959805586 0.00109954976331 0.00860519006406 0.00116899501152 1.80115533649 0.00243058368731 1.40087660227 0.249887151472 
0.0145346394897 0.00114584659545 0.0119194966017 0.00116899501152 0.00893892168925 0.00122686605169 1.80117441942 0.00346068820241 1.41095988254 0.28788527645 
0.0150356057404 0.00122686605169 0.0123430126448 0.00120371763562 0.00927265331444 0.0012963112999 1.80119350235 0.00452551534161 1.42104316281 0.323580134029 
0.0155365719912 0.001331033924 0.0127665286879 0.0012963112999 0.00960638493963 0.00134260813204 1.80121258528 0.00637738862718 1.43112644307 0.359656940474 
0.0160375382419 0.00146992442042 0.013190044731 0.00140047917221 0.00994011656483 0.00143520179632 1.80123166821 0.00863435919397 1.44120972334 0.39707635505 
0.0165385044927 0.00157409229273 0.0136135607741 0.00145835021239 0.01027384819 0.0015277954606 1.80125075114 0.011643653283 1.4512930036 0.434993460572 
0.0170394707434 0.00170140858112 0.0140370768172 0.00151622125256 0.0106075798152 0.00162038912487 1.80126983407 0.0151390641095 1.46137628387 0.472308707277 
0.0175404369942 0.00178242803736 0.0144605928603 0.00168983437308 0.0109413114404 0.00171298278915 1.80128891699 0.0198034699476 1.47145956413 0.511498975683 
0.0180414032449 0.00200233799002 0.0148841089034 0.00189817011771 0.0112750430656 0.00196761536592 1.80130799992 0.0256484450052 1.4815428444 0.549844326902 
0.0185423694957 0.00233799002303 0.0153076249465 0.00226854477482 0.0116087746908 0.00231484160696 1.80132708285 0.0323036146252 1.49162612467 0.586268359587 
0.0190433357464 0.00284725517656 0.0157311409896 0.00303244250512 0.011942506316 0.00293984884084 1.80134616578 0.0411231611477 1.50170940493 0.620909964236 
0.0195443019972 0.00391208231577 0.0161546570327 0.00384263706756 0.0122762379412 0.00396995335594 1.80136524871 0.0512621673862 1.5117926852 0.653294598317 
0.0200452682479 0.00603016238614 0.0165781730758 0.00567136193706 0.0126099695664 0.00542830356833 1.80138433164 0.0632298984942 1.52187596546 0.684093565898 
0.0205462344987 0.00975705737335 0.0170016891189 0.00890056597877 0.0129437011916 0.00809037141634 1.80140341457 0.0770957997199 1.53195924573 0.711883239389 
0.0210472007494 0.0151043414854 0.017425205162 0.0138774754337 0.0132774328167 0.0121297700205 1.80142249749 0.0934501556731 1.54204252599 0.738017801132 
0.0215481670002 0.0236461070151 0.0178487212051 0.0218868273938 0.0136111644419 0.0185418812718 1.80144158042 0.112593895763 1.55212580626 0.761594462899 
0.0220491332509 0.0366670910543 0.0182722372482 0.0322110209609 0.0139448960671 0.0278938413639 1.80146066335 0.134689058901 1.56220908653 0.783296102964 
0.0225500995017 0.0538779384021 0.0186957532913 0.0471186009097 0.0142786276923 0.0401625018808 1.80147974628 0.158022662299 1.57229236679 0.802729198255 
0.0230510657524 0.0767369992708 0.0191192693344 0.0665748446163 0.0146123593175 0.0564589867938 1.80149882921 0.184608618155 1.58237564706 0.820993298534 
0.0235520320032 0.104329911226 0.0195427853775 0.0919107860045 0.0149460909427 0.0784268336439 1.80151791214 0.213208486209 1.59245892732 0.836861537749 
0.0240529982539 0.138265489184 0.0199663014206 0.123311612403 0.0152798225679 0.104989641084 1.80153699507 0.244840796768 1.60254220759 0.850588548479 
0.0245539645047 0.177154828181 0.0203898174638 0.161471776294 0.0156135541931 0.138983090082 1.80155607799 0.278591187398 1.61262548785 0.863898887719 
0.0250549307554 0.221831271195 0.0208133335069 0.204620423847 0.0159472858183 0.178427991065 1.80157516092 0.31385779928 1.62270876812 0.876294864524 
0.0255558970062 0.269875808748 0.02123684955 0.253266820218 0.0162810174435 0.223150730911 1.80159424385 0.351034155488 1.63279204839 0.886514890219 
0.0260568632569 0.320790749893 0.0216603655931 0.307526707485 0.0166147490687 0.271843424114 1.80161332678 0.388708202641 1.64287532865 0.896121482888 
0.0265578295077 0.376682600493 0.0220838816362 0.364367643144 0.0169484806939 0.323672727694 1.80163240971 0.427354483269 1.65295860892 0.905461868772 
0.0270587957584 0.433720297689 0.0225073976793 0.422597483767 0.0172822123191 0.380015972407 1.80165149264 0.466834106876 1.66304188918 0.913286033403 
0.0275597620092 0.492378384009 0.0229309137224 0.479959258788 0.0176159439442 0.435942545631 1.80167057557 0.507077628213 1.67312516945 0.921295385363 
0.0280607282599 0.549346635956 0.0233544297655 0.53389506823 0.0179496755694 0.490815865924 1.8016896585 0.545538721513 1.68320844971 0.928436671721 
0.0285616945106 0.604555608283 0.0237779458086 0.585284551905 0.0182834071946 0.542135904351 1.80170874142 0.583791479068 1.69329172998 0.935253880253 
0.0290626607614 0.655146471603 0.0242014618517 0.633514276786 0.0186171388198 0.591245269042 1.80172782435 0.622738689105 1.70337501025 0.941527101008 
0.0295636270121 0.702959524995 0.0246249778948 0.677172189493 0.018950870445 0.635678653688 1.80174690728 0.657877984699 1.71345829051 0.947024849825 
0.0300645932629 0.743434530492 0.0250484939379 0.717589323951 0.0192846020702 0.67636199493 1.80176599021 0.692114492066 1.72354157078 0.951932314031 
0.0305655595136 0.780113195755 0.025472009981 0.752369819095 0.0196183336954 0.712658711328 1.80178507314 0.724267641987 1.73362485104 0.956781907198 
0.0310665257644 0.811606615817 0.0258955260241 0.78267109573 0.0199520653206 0.744869732289 1.80180415607 0.754846699615 1.74370813131 0.961006493131 
0.0315674920151 0.838470352666 0.0263190420672 0.810460769222 0.0202857969458 0.774245072281 1.801823239 0.781988217456 1.75379141157 0.96472181391 
0.0320684582659 0.86100533571 0.0267425581103 0.834674012431 0.020619528571 0.799430548965 1.80184232192 0.806560261114 1.76387469184 0.968228798944 
0.0325694245166 0.880739360409 0.0271660741534 0.85435016609 0.0209532601962 0.821490989479 1.80186140485 0.828991076286 1.77395797211 0.971388557738 
0.0330703907674 0.897325200523 0.0275895901965 0.872232317504 0.0212869918214 0.841340756259 1.80188048778 0.849593166588 1.78404125237 0.974548316531 
0.0335713570181 0.911468882742 0.0280131062396 0.887348233197 0.0216207234466 0.859141888216 1.80189957071 0.868644313013 1.79412453264 0.977198810171 
0.0340723232689 0.923332445977 0.0284366222827 0.900623849813 0.0219544550717 0.873574925636 1.80191865364 0.885554230952 1.8042078129 0.979594671235 
0.0345732895196 0.934073311034 0.0288601383258 0.912603155129 0.0222881866969 0.886873690668 1.80193773657 0.900415514068 1.81429109317 0.981932661258 
0.0350742557704 0.942522482899 0.0292836543689 0.922036134677 0.0226219183221 0.898714105487 1.8019568195 0.913158717115 1.82437437343 0.983853979791 
0.0355752220211 0.949571175592 0.029707170412 0.930068635054 0.0229556499473 0.908656350189 1.80197590243 0.924107917916 1.8344576537 0.985520665748 
0.0360761882719 0.955913841595 0.0301306864551 0.937580296068 0.0232893815725 0.917869419785 1.80199498535 0.933888123705 1.84454093397 0.987314667994 
0.0365771545226 0.961434738828 0.0305542024982 0.943980833111 0.0236231131977 0.926445907939 1.80201406828 0.942383592403 1.85462421423 0.988946631327 
0.0370781207734 0.966376925659 0.0309777185413 0.949629046632 0.0239568448229 0.933309413303 1.80203315121 0.949802659753 1.8647074945 0.990439704163 
0.0375790870241 0.971099202537 0.0314012345844 0.954744846584 0.0242905764481 0.939698376139 1.80205223414 0.955994861052 1.87479077476 0.991724441255 
0.0380800532749 0.974964988021 0.0318247506275 0.959270361925 0.0246243080733 0.945427609116 1.80207131707 0.961643074573 1.88487405503 0.992766119978 
0.0385810195256 0.978703457216 0.0322482666706 0.963633838355 0.0249580396985 0.95076331902 1.8020904 0.966145441498 1.8949573353 0.993773076077 
0.0390819857764 0.981932661258 0.0326717827137 0.967337584926 0.0252917713237 0.955601337978 1.80210948293 0.970543640551 1.90504061556 0.9945253996 
0.0395829520271 0.984779916434 0.0330952987568 0.971203370409 0.0256255029489 0.959872220743 1.80212856585 0.97420109029 1.91512389583 0.995335594162 
0.0400839182779 0.987580874779 0.0335188147999 0.974397851827 0.0259592345741 0.963726432019 1.80214764878 0.977534462204 1.92520717609 0.99587958194 
0.0405848845286 0.989918864802 0.033942330843 0.977569184829 0.0262929661992 0.967823701663 1.80216673171 0.980404865797 1.93529045636 0.996458292341 
0.0410858507794 0.991747589671 0.0343658468861 0.980439588421 0.0266266978244 0.971724209771 1.80218581464 0.98280072686 1.94537373662 0.997083299575 
0.0415868170301 0.99340270142 0.0347893629292 0.983171101517 0.0269604294496 0.975427956342 1.80220489757 0.984941955347 1.95545701689 0.997488396856 
0.0420877832809 0.995046238961 0.0352128789723 0.985902614614 0.0272941610748 0.978471973055 1.8022239805 0.986701234968 1.96554029716 0.99793979097 
0.0425887495316 0.996226808181 0.0356363950154 0.988425791965 0.0276278927 0.981226634568 1.80224306343 0.988506811421 1.97562357742 0.998229146171 
0.0430897157824 0.997129596407 0.0360599110585 0.99069433674 0.0279616243252 0.983830831375 1.80226214635 0.990023032674 1.98570685769 0.99864581766 
0.0435906820331 0.997696732601 0.0364834271016 0.992731397354 0.0282953559504 0.98657391868 1.80228122928 0.991469808678 1.99579013795 0.998865727613 
0.0440916482839 0.998263868795 0.0369069431447 0.994455954351 0.0286290875756 0.98874986979 1.80230031221 0.99263880369 2.00587341822 0.99917823123 
0.0445926145346 0.99864581766 0.0373304591878 0.995810136691 0.0289628192008 0.990960543525 1.80231939514 0.993715205037 2.01595669848 0.999317121726 
0.0450935807854 0.998923598653 0.0377539752309 0.996793944374 0.029296550826 0.99275454577 1.80233847807 0.994768457968 2.02603997875 0.999490734846 
0.0455945470361 0.99917823123 0.038177491274 0.997569416313 0.0296302824512 0.994386509103 1.802357561 0.995868007732 2.03612325902 0.999594902719 
0.0460955132869 0.999398141182 0.0386010073171 0.998252294587 0.0299640140764 0.995740691443 1.80237664393 0.996631905462 2.04620653928 0.999629625343 
0.0465964795376 0.999537031679 0.0390245233602 0.998807856572 0.0302977457016 0.996770795958 1.80239572686 0.997245338488 2.05628981955 0.999664347967 
0.0470974457884 0.999664347967 0.0394480394034 0.999097211773 0.0306314773267 0.997696732601 1.80241480978 0.997916642554 2.06637309981 0.999745367423 
0.0475984120391 0.999733793215 0.0398715554465 0.999374992766 0.0309652089519 0.998252294587 1.80243389271 0.998402759291 2.07645638008 0.999837961088 
0.0480993782899 0.999814812671 0.0402950714896 0.999571754303 0.0312989405771 0.998796282364 1.80245297564 0.998726837116 2.08653966034 0.999872683712 
0.0486003445406 0.999907406336 0.0407185875327 0.999722219007 0.0316326722023 0.999108785981 1.80247205857 0.999016192317 2.09662294061 0.99988425792 
0.0491013107914 0.999918980544 0.0411421035758 0.999733793215 0.0319664038275 0.999444438014 1.8024911415 0.99917823123 2.10670622088 0.999907406336 
0.0496022770421 0.99994212896 0.0415656196189 0.999849535296 0.0323001354527 0.999594902719 1.80251022443 0.999374992766 2.11678950114 0.999907406336 
0.0501032432929 0.99994212896 0.041989135662 0.999895832128 0.0326338670779 0.999699070591 1.80252930736 0.999606476927 2.12687278141 0.999918980544 
0.0506042095436 0.99994212896 0.0424126517051 0.999907406336 0.0329675987031 0.999756941631 1.80254839028 0.999699070591 2.13695606167 0.99994212896 
0.0511051757944 0.999953703168 0.0428361677482 0.999953703168 0.0333013303283 0.999849535296 1.80256747321 0.999814812671 2.14703934194 0.999965277376 
0.0516061420451 0.999953703168 0.0432596837913 0.999976851584 0.0336350619535 0.999907406336 1.80258655614 0.999849535296 2.1571226222 0.999965277376 
0.0521071082958 0.999965277376 0.0436831998344 0.999988425792 0.0339687935787 0.999953703168 1.80260563907 0.999930554752 2.16720590247 0.999965277376 
0.0526080745466 0.999988425792 0.0441067158775 0.999988425792 0.0343025252039 0.999965277376 1.802624722 0.999953703168 2.17728918274 0.999965277376 
0.0531090407973 0.999988425792 0.0445302319206 0.999988425792 0.0346362568291 0.999988425792 1.80264380493 0.999976851584 2.187372463 0.999976851584 
0.0536100070481 0.999988425792 0.0449537479637 0.999988425792 0.0349699884542 0.999988425792 1.80266288786 0.999976851584 2.19745574327 0.999976851584 
0.0541109732988 0.999988425792 0.0453772640068 0.999988425792 0.0353037200794 0.999988425792 1.80268197079 0.999988425792 2.20753902353 0.999988425792 
0.0546119395496 1.0 0.0458007800499 1.0 0.0356374517046 1.0 1.80270105371 1.0 2.2176223038 1.0 
0.0551129058003 1 0.046224296093 1 0.0359711833298 1 1.80272013664 1 2.22770558406 1 
