mlu_x mlu_y lu90_x lu90_y lu50_x lu50_y ahc_x ahc_y 
0.00559639977291 3.47226241044e-05 0.00366054847836 2.31484160696e-05 0.00199092575349 2.31484160696e-05 1.45000004768 0.0 1.57744623432 1.15742080348e-05 
0.00629573258212 9.25936642785e-05 0.00415273394325 6.94452482089e-05 0.00227418454309 8.10194562437e-05 1.45990103778 0.0 1.58303861329 1.15742080348e-05 
0.00699506539132 0.000127316288383 0.00464491940813 0.000104167872313 0.00255744333268 0.000138890496418 1.46980202788 0.0 1.58863099226 1.15742080348e-05 
0.00769439820053 0.000150464704453 0.00513710487302 0.000173613120522 0.00284070212228 0.000196761536592 1.47970301798 0.0 1.59422337124 2.31484160696e-05 
0.00839373100973 0.000185187328557 0.0056292903379 0.000208335744627 0.00312396091188 0.000196761536592 1.48960400808 0.0 1.59981575021 3.47226241044e-05 
0.00909306381894 0.000208335744627 0.00612147580279 0.000219909952661 0.00340721970147 0.000266206784801 1.49950499818 0.0 1.60540812918 6.94452482089e-05 
0.00979239662814 0.000277780992836 0.00661366126767 0.000266206784801 0.00369047849107 0.00028935520087 1.50940598828 0.0 1.61100050815 8.10194562437e-05 
0.0104917294373 0.00033565203301 0.00710584673256 0.00033565203301 0.00397373728067 0.000381948865149 1.51930697838 0.0 1.61659288713 9.25936642785e-05 
0.0111910622466 0.000393523073184 0.00759803219744 0.000381948865149 0.00425699607027 0.000428245697288 1.52920796848 0.0 1.6221852661 9.25936642785e-05 
0.0118903950558 0.000451394113358 0.00809021766233 0.000416671489253 0.00454025485986 0.000462968321393 1.53910895857 0.0 1.62777764507 0.000127316288383 
0.012589727865 0.000543987777636 0.00858240312721 0.000509265153532 0.00482351364946 0.000520839361567 1.54900994867 0.0 1.63337002405 0.000150464704453 
0.0132890606742 0.000694452482089 0.0090745885921 0.000555561985671 0.00510677243906 0.000567136193706 1.55891093877 0.0 1.63896240302 0.000208335744627 
0.0139883934834 0.000706026690124 0.00956677405698 0.00062500723388 0.00539003122865 0.000636581441915 1.56881192887 0.0 1.64455478199 0.000300929408905 
0.0146877262926 0.000787046146367 0.0100589595219 0.000729175106193 0.00567329001825 0.000729175106193 1.57871291897 0.0 1.65014716096 0.000416671489253 
0.0153870591018 0.000868065602611 0.0105511449868 0.000787046146367 0.00595654880785 0.000798620354402 1.58861390907 0.0 1.65573953994 0.000543987777636 
0.016086391911 0.000902788226716 0.0110433304516 0.000833342978507 0.00623980759744 0.000868065602611 1.59851489917 0.0 1.66133191891 0.000706026690124 
0.0167857247202 0.00091436243475 0.0115355159165 0.00091436243475 0.00652306638704 0.00091436243475 1.60841588927 0.0 1.66692429788 0.000833342978507 
0.0174850575294 0.00109954976331 0.0120277013814 0.00096065926689 0.00680632517664 0.000972233474924 1.61831687937 0.0 1.67251667685 0.00115742080348 
0.0181843903386 0.00116899501152 0.0125198868463 0.0010648271392 0.00708958396624 0.00101853030706 1.62821786947 0.0 1.67810905583 0.00134260813204 
0.0188837231478 0.00121529184366 0.0130120723112 0.00112269817938 0.00737284275583 0.00109954976331 1.63811885956 0.0 1.6837014348 0.00162038912487 
0.019583055957 0.00127316288383 0.0135042577761 0.00114584659545 0.00765610154543 0.00112269817938 1.64801984966 0.0 1.68929381377 0.00189817011771 
0.0202823887662 0.00136575654811 0.0139964432409 0.00121529184366 0.00793936033503 0.00120371763562 1.65792083976 0.0 1.69488619275 0.00233799002303 
0.0209817215754 0.00148149862846 0.0144886287058 0.00126158867579 0.00822261912462 0.00127316288383 1.66782182986 0.0 1.70047857172 0.00280095834443 
0.0216810543846 0.00168983437308 0.0149808141707 0.001331033924 0.00850587791422 0.0012963112999 1.67772281996 0.0 1.70607095069 0.00353013345062 
0.0223803871938 0.00204863482216 0.0154729996356 0.00140047917221 0.00878913670382 0.00138890496418 1.68762381006 0.0 1.71166332966 0.0041551406845 
0.023079720003 0.00258104839176 0.0159651851005 0.00151622125256 0.00907239549341 0.0015277954606 1.69752480016 0.0 1.71725570864 0.00511579995139 
0.0237790528122 0.00368059815507 0.0164573705654 0.00158566650077 0.00935565428301 0.0015625180847 1.70742579026 0.0 1.72284808761 0.00623849813077 
0.0244783856214 0.00577552980937 0.0169495560303 0.00174770541326 0.00963891307261 0.00160881491684 1.71732678036 0.0 1.72844046658 0.00773157096726 
0.0251777184306 0.0091089017234 0.0174417414951 0.0020949316543 0.00992217186221 0.00173613120522 1.72722777046 0.0 1.73403284556 0.00965288950104 
0.0258770512399 0.0148381347006 0.01793392696 0.00246530631142 0.0102054306518 0.00190974432574 1.73712876056 0.0 1.73962522453 0.0111806849616 
0.0265763840491 0.022940080325 0.0184261124249 0.00317133300154 0.0104886894414 0.00211808007037 1.74702975065 0.0 1.7452176035 0.0130557066633 
0.0272757168583 0.0346300304402 0.0189182978898 0.00420143751664 0.010771948231 0.00255789997569 1.75693074075 0.0 1.75080998247 0.0154052708943 
0.0279750496675 0.050868644313 0.0194104833547 0.00596071713793 0.0110552070206 0.00329864928992 1.76683173085 0.0 1.75640236145 0.0184029907754 
0.0286743824767 0.0725008391301 0.0199026688196 0.00863435919397 0.0113384658102 0.00458338638179 1.77673272095 0.0 1.76199474042 0.0216321948171 
0.0293737152859 0.100174770541 0.0203948542845 0.0136807138972 0.0116217245998 0.00641211125129 1.78663371105 0.0 1.76758711939 0.0254864060927 
0.0300730480951 0.134133496915 0.0208870397493 0.0207641292145 0.0119049833894 0.00972233474924 1.79653470115 0.0 1.77317949836 0.0296068241531 
0.0307723809043 0.176309910994 0.0213792252142 0.030579057628 0.012188242179 0.0144214632114 1.80643569125 0.0 1.77877187734 0.0347341983125 
0.0314717137135 0.223081285663 0.0218714106791 0.0441440294448 0.0124715009686 0.021933124226 1.81633668135 0.0 1.78436425631 0.0404402828736 
0.0321710465227 0.27533883494 0.022363596144 0.061516915705 0.0127547597582 0.0325582472019 1.82623767145 0.0 1.78995663528 0.0467135036285 
0.0328703793319 0.330189006817 0.0228557816089 0.0840171761247 0.0130380185478 0.0467135036285 1.83613866155 0.0 1.79554901426 0.0536117316173 
0.0335697121411 0.386543825739 0.0233479670738 0.112570747347 0.0133212773374 0.0650239007396 1.84603965164 0.0 1.80114139323 0.0619683098184 
0.0342690449503 0.442759754164 0.0238401525386 0.14688827417 0.013604536127 0.0884500978021 1.85594064174 0.0 1.8067337722 0.0711698052061 
0.0349683777595 0.494658502992 0.0243323380035 0.187444299124 0.0138877949166 0.118230535076 1.86584163184 0.0 1.81232615117 0.0818875218463 
0.0356677105687 0.54649938078 0.0248245234684 0.232294355259 0.0141710537062 0.153624463246 1.87574262194 0.0 1.81791853015 0.0932418199285 
0.0363670433779 0.595759210176 0.0253167089333 0.282850495955 0.0144543124958 0.193289274181 1.88564361204 0.0 1.82351090912 0.106031319807 
0.0370663761871 0.641315293001 0.0258088943982 0.335582587761 0.0147375712854 0.236796722184 1.89554460214 0.0 1.82910328809 0.120198150442 
0.0377657089963 0.681558814338 0.0263010798631 0.391520735194 0.015020830075 0.286820449311 1.90544559224 0.0 1.83469566707 0.135140453015 
0.0384650418055 0.719012951539 0.026793265328 0.445630157756 0.0153040888645 0.340397458304 1.91534658234 0.0 1.84028804604 0.152166113034 
0.0391643746147 0.752416115927 0.0272854507928 0.497170106135 0.0155873476541 0.396543941481 1.92524757244 0.0 1.84588042501 0.170175580736 
0.0398637074239 0.781837752752 0.0277776362577 0.548166066737 0.0158706064437 0.452875611986 1.93514856254 0.0 1.85147280398 0.1900021991 
0.0405630402332 0.80793759187 0.0282698217226 0.595064757694 0.0161538652333 0.506695679348 1.94504955263 1.0 1.85706518296 0.210187617912 
0.0412623730424 0.830356832834 0.0287620071875 0.638803689858 0.0164371240229 0.558501834512 1.95495054273 1.0 1.86265756193 0.233301311358 
0.0419617058516 0.849975115453 0.0292541926524 0.679440734268 0.0167203828125 0.606963043554 1.96485153283 1.0 1.8682499409 0.257699741895 
0.0426610386608 0.867857266867 0.0297463781173 0.715401798632 0.0170036416021 0.652426532714 1.97475252293 1.0 1.87384231987 0.283718561557 
0.04336037147 0.884142177571 0.0302385635822 0.747855877962 0.0172869003917 0.692693202468 1.98465351303 1.0 1.87943469885 0.311427215593 
0.0440597042792 0.896792786954 0.030730749047 0.777184921122 0.0175701591813 0.729209828817 1.99455450313 1.0 1.88502707782 0.339645134782 
0.0447590370884 0.907603097258 0.0312229345119 0.802613456174 0.0178534179709 0.761571314483 2.00445549323 1.0 1.89061945679 0.36969177884 
0.0454583698976 0.91766108404 0.0317151199768 0.825055845554 0.0181366767605 0.789430433223 2.01435648333 1.0 1.89621183577 0.401277792567 
0.0461577027068 0.926006088033 0.0322073054417 0.844373198764 0.0184199355501 0.814118218961 2.02425747343 1.0 1.90180421474 0.433917059225 
0.046857035516 0.933332561719 0.0326994909066 0.861815530272 0.0187031943397 0.835461058577 2.03415846353 1.0 1.90739659371 0.468014676096 
0.0475563683252 0.939802544011 0.0331916763715 0.876572645517 0.0189864531293 0.854789985995 2.04405945362 1.0 1.91298897268 0.503616940011 
0.0482557011344 0.945624370652 0.0336838618363 0.890079746293 0.0192697119189 0.871098045116 2.05396044372 1.0 1.91858135166 0.539983101656 
0.0489550339436 0.950913783724 0.0341760473012 0.902012754777 0.0195529707085 0.885484785704 2.06386143382 1.0 1.92417373063 0.575874720772 
0.0496543667528 0.955543466938 0.0346682327661 0.912348522552 0.0198362294981 0.897857614093 2.07376242392 1.0 1.9297661096 0.611118184238 
0.050353699562 0.959640736583 0.035160418231 0.920925010706 0.0201194882877 0.909269783215 2.08366341402 1.0 1.93535848858 0.647287584347 
0.0510530323712 0.963946341972 0.0356526036959 0.928112593896 0.0204027470773 0.918702762763 2.09356440412 1.0 1.94095086755 0.682797254598 
0.0517523651804 0.967650088543 0.0361447891608 0.934895079804 0.0206860058669 0.92702461834 2.10346539422 1.0 1.94654324652 0.717658769199 
0.0524516979896 0.971620041899 0.0366369746257 0.940832648526 0.0209692646565 0.934478408315 2.11336638432 1.0 1.95213562549 0.751582772949 
0.0531510307988 0.975057581685 0.0371291600905 0.946689197792 0.0212525234461 0.941133577935 2.12326737442 1.0 1.95772800447 0.782937302515 
0.053850363608 0.977927985278 0.0376213455554 0.951608236206 0.0215357822357 0.946978552993 2.13316836452 1.0 1.96332038344 0.813967754256 
0.0545496964172 0.981029873031 0.0381135310203 0.955705505851 0.0218190410253 0.952221669232 2.14306935461 1.0 1.96891276241 0.841907892452 
0.0552490292265 0.983553050383 0.0386057164852 0.960022685448 0.0221022998149 0.956781907198 2.15297034471 1.0 1.97450514138 0.867290130673 
0.0559483620357 0.985902614614 0.0390979019501 0.96401578722 0.0223855586045 0.960994918923 2.16287133481 1.0 1.98009752036 0.88974409426 
0.0566476948449 0.988321624093 0.039590087415 0.967580643294 0.0226688173941 0.964872278614 2.17277232491 1.0 1.98568989933 0.909501267376 
0.0573470276541 0.990069329506 0.0400822728799 0.971133925161 0.0229520761837 0.969166309795 2.18267331501 1.0 1.9912822783 0.926411185315 
0.0580463604633 0.991782312295 0.0405744583447 0.974594613364 0.0232353349733 0.972939501615 2.19257430511 1.0 1.99687465728 0.939953008715 
0.0587456932725 0.993367978796 0.0410666438096 0.97744186854 0.0235185937629 0.975983518328 2.20247529521 1.0 2.00246703625 0.951689255663 
0.0594450260817 0.99458327064 0.0415588292745 0.979965045892 0.0238018525525 0.979085406081 2.21237628531 1.0 2.00805941522 0.961342145164 
0.0601443588909 0.995763839859 0.0420510147394 0.982661836364 0.0240851113421 0.982071551754 2.22227727541 1.0 2.01365179419 0.969027419299 
0.0608436917001 0.99670135071 0.0425432002043 0.985439646292 0.0243683701317 0.984664174354 2.23217826551 1.0 2.01924417317 0.974860820148 
0.0615430245093 0.997476822648 0.0430353856692 0.9880438431 0.0246516289213 0.987488281114 2.2420792556 1.0 2.02483655214 0.979525225986 
0.0622423573185 0.997962939386 0.043527571134 0.990323962083 0.0249348877108 0.989710529057 2.2519802457 1.0 2.03042893111 0.983101656269 
0.0629416901277 0.998402759291 0.0440197565989 0.992314725865 0.0252181465004 0.99187490596 2.2618812358 1.0 2.03602131009 0.985914188822 
0.0636410229369 0.998749985532 0.0445119420638 0.994270767023 0.02550140529 0.993668908205 2.2717822259 1.0 2.04161368906 0.988020694684 
0.0643403557461 0.999027766525 0.0450041275287 0.995486058866 0.0257846640796 0.995416613618 2.281683216 1.0 2.04720606803 0.990011458466 
0.0650396885553 0.99935184435 0.0454963129936 0.996631905462 0.0260679228692 0.99652773759 2.2915842061 1.0 2.052798447 0.991411937638 
0.0657390213645 0.999502309055 0.0459884984585 0.997592564729 0.0263511816588 0.997546267897 2.3014851962 1.0 2.05839082598 0.992488338985 
0.0664383541737 0.999594902719 0.0464806839234 0.998275443003 0.0266344404484 0.998252294587 2.3113861863 1.0 2.06398320495 0.993252236716 
0.0671376869829 0.999722219007 0.0469728693882 0.998807856572 0.026917699238 0.998726837116 2.3212871764 1.0 2.06957558392 0.994155024942 
0.0678370197921 0.999803238463 0.0474650548531 0.999097211773 0.0272009580276 0.999097211773 2.3311881665 1.0 2.07516796289 0.994837903216 
0.0685363526013 0.99988425792 0.047957240318 0.999363418558 0.0274842168172 0.999363418558 2.34108915659 1.0 2.08076034187 0.995451336242 
0.0692356854105 0.999918980544 0.0484494257829 0.999490734846 0.0277674756068 0.999490734846 2.35099014669 1.0 2.08635272084 0.995972175604 
0.0699350182198 0.99994212896 0.0489416112478 0.999618051135 0.0280507343964 0.999675922175 2.36089113679 1.0 2.09194509981 0.996516163382 
0.070634351029 0.99994212896 0.0494337967127 0.999768515839 0.028333993186 0.999722219007 2.37079212689 1.0 2.09753747879 0.997071725367 
0.0713336838382 0.999953703168 0.0499259821776 0.999814812671 0.0286172519756 0.999814812671 2.38069311699 1.0 2.10312985776 0.997511545273 
0.0720330166474 0.999953703168 0.0504181676424 0.999895832128 0.0289005107652 0.999872683712 2.39059410709 1.0 2.10872223673 0.997986087802 
0.0727323494566 0.999953703168 0.0509103531073 0.999930554752 0.0291837695548 0.999907406336 2.40049509719 1.0 2.1143146157 0.998414333499 
0.0734316822658 0.999976851584 0.0514025385722 0.99994212896 0.0294670283444 0.999965277376 2.41039608729 1.0 2.11990699468 0.998784708156 
0.074131015075 0.999976851584 0.0518947240371 0.999965277376 0.029750287134 0.999976851584 2.42029707739 1.0 2.12549937365 0.999120360189 
0.0748303478842 0.999988425792 0.052386909502 0.999976851584 0.0300335459236 0.999976851584 2.43019806749 1.0 2.13109175262 0.999513883263 
0.0755296806934 1.0 0.0528790949669 1.0 0.0303168047132 1.0 2.44009905758 1.0 2.1366841316 1.0 
0.0762290135026 1 0.0533712804317 1 0.0306000635028 1 2.45000004768 1 2.14227651057 1 
