mlu_x mlu_y lu90_x lu90_y lu50_x lu50_y ahc_x ahc_y competitive_ratio_x competitive_ratio_y 
0.00384584371932 0.99994212896 0.00303242402151 0.999965277376 0.00201321253553 0.999976851584 1.47358552456 0.999988425792 1.47358552456 0.999988425792 
0.00427098764973 0.999918980544 0.00339125367896 0.999918980544 0.00230106239272 0.999918980544 1.47369398495 0.999988425792 1.47369398495 0.999988425792 
0.00469613158015 0.999895832128 0.0037500833364 0.999907406336 0.0025889122499 0.99988425792 1.47380244534 0.999988425792 1.47380244534 0.999988425792 
0.00512127551057 0.999872683712 0.00410891299385 0.999849535296 0.00287676210709 0.999803238463 1.47391090572 0.999988425792 1.47391090572 0.999988425792 
0.00554641944098 0.999826386879 0.0044677426513 0.999803238463 0.00316461196427 0.999803238463 1.47401936611 0.999988425792 1.47401936611 0.999988425792 
0.0059715633714 0.999780090047 0.00482657230874 0.999791664255 0.00345246182146 0.999756941631 1.4741278265 0.999976851584 1.4741278265 0.999976851584 
0.00639670730181 0.999733793215 0.00518540196619 0.999756941631 0.00374031167865 0.999687496383 1.47423628689 0.999965277376 1.47423628689 0.999965277376 
0.00682185123223 0.999675922175 0.00554423162363 0.999675922175 0.00402816153583 0.999641199551 1.47434474728 0.999953703168 1.47434474728 0.999953703168 
0.00724699516264 0.999618051135 0.00590306128108 0.999629625343 0.00431601139302 0.999583328511 1.47445320767 0.999930554752 1.47445320767 0.999930554752 
0.00767213909306 0.999571754303 0.00626189093852 0.999560180095 0.0046038612502 0.999537031679 1.47456166806 0.999907406336 1.47456166806 0.999907406336 
0.00809728302347 0.999490734846 0.00662072059597 0.999513883263 0.00489171110739 0.999479160638 1.47467012844 0.999895832128 1.47467012844 0.999895832128 
0.00852242695389 0.99940971539 0.00697955025342 0.999421289598 0.00517956096458 0.999432863806 1.47477858883 0.999872683712 1.47477858883 0.999872683712 
0.00894757088431 0.999363418558 0.00733837991086 0.999363418558 0.00546741082176 0.999398141182 1.47488704922 0.999814812671 1.47488704922 0.999814812671 
0.00937271481472 0.999282399102 0.00769720956831 0.999282399102 0.00575526067895 0.999270824894 1.47499550961 0.999745367423 1.47499550961 0.999745367423 
0.00979785874514 0.999201379646 0.00805603922575 0.99917823123 0.00604311053613 0.99923610227 1.47510397 0.999675922175 1.47510397 0.999675922175 
0.0102230026756 0.999120360189 0.0084148688832 0.999143508605 0.00633096039332 0.999143508605 1.47521243039 0.999629625343 1.47521243039 0.999629625343 
0.010648146606 0.999097211773 0.00877369854064 0.999085637565 0.00661881025051 0.999062489149 1.47532089078 0.999537031679 1.47532089078 0.999537031679 
0.0110732905364 0.999027766525 0.00913252819809 0.999050914941 0.00690666010769 0.999004618109 1.47542935116 0.999444438014 1.47542935116 0.999444438014 
0.0114984344668 0.998981469693 0.00949135785554 0.998981469693 0.00719450996488 0.998969895485 1.47553781155 0.999259250686 1.47553781155 0.999259250686 
0.0119235783972 0.998900450237 0.00985018751298 0.998923598653 0.00748235982206 0.998888876029 1.47564627194 0.998935172861 1.47564627194 0.998935172861 
0.0123487223276 0.998831004988 0.0102090171704 0.998877301821 0.00777020967925 0.998842579197 1.47575473233 0.998611095036 1.47575473233 0.998611095036 
0.012773866258 0.998784708156 0.0105678468279 0.99881943078 0.00805805953644 0.998796282364 1.47586319272 0.998263868795 1.47586319272 0.998263868795 
0.0131990101885 0.998749985532 0.0109266764853 0.99876155974 0.00834590939362 0.998749985532 1.47597165311 0.997731455225 1.47597165311 0.997731455225 
0.0136241541189 0.998599520828 0.0112855061428 0.99864581766 0.00863375925081 0.998680540284 1.4760801135 0.996932834871 1.4760801135 0.996932834871 
0.0140492980493 0.998518501372 0.0116443358002 0.998564798204 0.008921609108 0.998576372412 1.47618857388 0.996134214516 1.47618857388 0.996134214516 
0.0144744419797 0.998425907707 0.0120031654577 0.998483778747 0.00920945896518 0.998506927164 1.47629703427 0.994965219505 1.47629703427 0.994965219505 
0.0148995859101 0.998275443003 0.0123619951151 0.998391185083 0.00949730882237 0.998437481915 1.47640549466 0.993530017709 1.47640549466 0.993530017709 
0.0153247298405 0.998205997755 0.0127208247725 0.998229146171 0.00978515867955 0.998368036667 1.47651395505 0.992002222248 1.47651395505 0.992002222248 
0.015749873771 0.99805553305 0.01307965443 0.998009236218 0.0100730085367 0.998229146171 1.47662241544 0.989884142178 1.47662241544 0.989884142178 
0.0161750177014 0.997731455225 0.0134384840874 0.997650435769 0.0103608583939 0.997928216762 1.47673087583 0.987546152155 1.47673087583 0.987546152155 
0.0166001616318 0.997280061112 0.0137973137449 0.997048576951 0.0106487082511 0.997384228984 1.47683933622 0.984583154898 1.47683933622 0.984583154898 
0.0170253055622 0.996342550261 0.0141561434023 0.996087917684 0.0109365581083 0.996631905462 1.4769477966 0.981643306057 1.4769477966 0.981643306057 
0.0174504494926 0.99464114168 0.0145149730598 0.994004560238 0.0112244079655 0.995601800947 1.47705625699 0.97749973958 1.47705625699 0.97749973958 
0.017875593423 0.991504531302 0.0148738027172 0.990740633572 0.0115122578227 0.993668908205 1.47716471738 0.97267329483 1.47716471738 0.97267329483 
0.0183007373534 0.986539196056 0.0152326323747 0.985752149909 0.0118001076799 0.990891098277 1.47727317777 0.967326010718 1.47727317777 0.967326010718 
0.0187258812839 0.978830773504 0.0155914620321 0.977603907453 0.012087957537 0.986180395606 1.47738163816 0.960971770507 1.47738163816 0.960971770507 
0.0191510252143 0.967615365919 0.0159502916896 0.966342203035 0.0123758073942 0.979050683457 1.47749009855 0.953008715379 1.47749009855 0.953008715379 
0.0195761691447 0.953159180083 0.016309121347 0.951052674221 0.0126636572514 0.969883910693 1.47759855894 0.943946110487 1.47759855894 0.943946110487 
0.0200013130751 0.933031632311 0.0166679510045 0.930601048623 0.0129515071086 0.957337469184 1.47770701932 0.934027014202 1.47770701932 0.934027014202 
0.0204264570055 0.908910982766 0.0170267806619 0.903691014942 0.0132393569658 0.939906711883 1.47781547971 0.9227884582 1.47781547971 0.9227884582 
0.0208516009359 0.878783319251 0.0173856103193 0.870912857788 0.013527206823 0.917580064584 1.4779239401 0.91089017234 1.4779239401 0.91089017234 
0.0212767448664 0.843875507818 0.0177444399768 0.832926307017 0.0138150566802 0.890403824118 1.47803240049 0.897128438987 1.47803240049 0.897128438987 
0.0217018887968 0.801803261612 0.0181032696342 0.789847104712 0.0141029065373 0.857035382354 1.47814086088 0.881260199771 1.47814086088 0.881260199771 
0.0221270327272 0.758353684649 0.0184620992917 0.740865056309 0.0143907563945 0.819210870496 1.47824932127 0.863586384102 1.47824932127 0.863586384102 
0.0225521766576 0.709510526742 0.0188209289491 0.687669996181 0.0146786062517 0.77471961481 1.47835778166 0.84510237387 1.47835778166 0.84510237387 
0.022977320588 0.659070128126 0.0191797586066 0.632032778157 0.0149664561089 0.726860264586 1.47846624204 0.824893806641 1.47846624204 0.824893806641 
0.0234024645184 0.608652877927 0.019538588264 0.573397840253 0.0152543059661 0.676165233394 1.47857470243 0.803296334448 1.47857470243 0.803296334448 
0.0238276084488 0.557541175245 0.0198974179215 0.51587402632 0.0155421558233 0.621974791375 1.47868316282 0.780402550955 1.47868316282 0.780402550955 
0.0242527523793 0.508373939513 0.0202562475789 0.459692820519 0.0158300056805 0.566939432169 1.47879162321 0.755217074272 1.47879162321 0.755217074272 
0.0246778963097 0.459264574821 0.0206150772364 0.406520908807 0.0161178555376 0.51398743041 1.4789000836 0.729869558675 1.4789000836 0.729869558675 
0.0251030402401 0.415433048994 0.0209739068938 0.355999490735 0.0164057053948 0.463303973426 1.47900854399 0.703040544451 1.47900854399 0.703040544451 
0.0255281841705 0.373291357539 0.0213327365512 0.311461938217 0.016693555252 0.415236287457 1.47911700438 0.67365363025 1.47911700438 0.67365363025 
0.0259533281009 0.335154342064 0.0216915662087 0.271704533617 0.0169814051092 0.369946411417 1.47922546476 0.644000509265 1.47922546476 0.644000509265 
0.0263784720313 0.299459484485 0.0220503958661 0.237109225801 0.0172692549664 0.329436683295 1.47933392515 0.612136714545 1.47933392515 0.612136714545 
0.0268036159618 0.266357249505 0.0224092255236 0.205789418859 0.0175571048236 0.291276519404 1.47944238554 0.581603953749 1.47944238554 0.581603953749 
0.0272287598922 0.236218011783 0.022768055181 0.178937256218 0.0178449546808 0.258255303881 1.47955084593 0.549219319668 1.47955084593 0.549219319668 
0.0276539038226 0.207097304367 0.0231268848385 0.15625180847 0.0181328045379 0.229076725425 1.47965930632 0.516429588305 1.47965930632 0.516429588305 
0.028079047753 0.180268290142 0.0234857144959 0.135939073369 0.0184206543951 0.202351879073 1.47976776671 0.4827139203 1.47976776671 0.4827139203 
0.0285041916834 0.154099005776 0.0238445441534 0.119931943657 0.0187085042523 0.178914107802 1.4798762271 0.449727427401 1.4798762271 0.449727427401 
0.0289293356138 0.131089480202 0.0242033738108 0.105232699453 0.0189963541095 0.159226379935 1.47998468748 0.417771039017 1.47998468748 0.417771039017 
0.0293544795443 0.109850808458 0.0245622034683 0.0920149538768 0.0192842039667 0.141807196843 1.48009314787 0.386080857417 1.48009314787 0.386080857417 
0.0297796234747 0.0914709660991 0.0249210331257 0.0809963078276 0.0195720538239 0.126124144955 1.48020160826 0.353939281705 1.48020160826 0.353939281705 
0.0302047674051 0.0750934617299 0.0252798627831 0.0719684255605 0.0198599036811 0.112848528339 1.48031006865 0.323985231311 1.48031006865 0.323985231311 
0.0306299113355 0.0617831224898 0.0256386924406 0.0642252803852 0.0201477535383 0.100984965104 1.48041852904 0.294216368245 1.48041852904 0.294216368245 
0.0310550552659 0.0504056759916 0.025997522098 0.0568872324911 0.0204356033954 0.0899894674707 1.48052698943 0.266357249505 1.48052698943 0.266357249505 
0.0314801991963 0.0414009421405 0.0263563517555 0.0507066054005 0.0207234532526 0.0812393661964 1.48063544982 0.238521279181 1.48063544982 0.238521279181 
0.0319053431267 0.0333568675563 0.0267151814129 0.0457181217375 0.0210113031098 0.0733341821086 1.4807439102 0.213787196611 1.4807439102 0.213787196611 
0.0323304870572 0.0275581893309 0.0270740110704 0.0406254702022 0.021299152967 0.0660771536708 1.48085237059 0.189597101818 1.48085237059 0.189597101818 
0.0327556309876 0.0223960925474 0.0274328407278 0.0365860715981 0.0215870028242 0.0594682808829 1.48096083098 0.167420919224 1.48096083098 0.167420919224 
0.033180774918 0.0183566939432 0.0277916703853 0.0321300015046 0.0218748526814 0.0535538605771 1.48106929137 0.14694614521 1.48106929137 0.14694614521 
0.0336059188484 0.0146645215801 0.0281505000427 0.028588293846 0.0221627025386 0.0487389900346 1.48117775176 0.128080186113 1.48117775176 0.128080186113 
0.0340310627788 0.0120834731883 0.0285093297002 0.0253938124284 0.0224505523957 0.0441671778609 1.48128621215 0.11096193243 1.48128621215 0.11096193243 
0.0344562067092 0.00958344425283 0.0288681593576 0.0221530341786 0.0227384022529 0.0399657403442 1.48139467254 0.095741848864 1.48139467254 0.095741848864 
0.0348813506397 0.00774314517529 0.0292269890151 0.0191668885057 0.0230262521101 0.0364356068936 1.48150313292 0.0815634440213 1.48150313292 0.0815634440213 
0.0353064945701 0.00616905288256 0.0295858186725 0.0160765749604 0.0233141019673 0.0325350987859 1.48161159331 0.0684267179018 1.48161159331 0.0684267179018 
0.0357316385005 0.00469912846213 0.0299446483299 0.0136575654811 0.0236019518245 0.0286808875103 1.4817200537 0.0569914003634 1.4817200537 0.0569914003634 
0.0361567824309 0.00357643028276 0.0303034779874 0.0111228139215 0.0238898016817 0.0252433477239 1.48182851409 0.0471186009097 1.48182851409 0.0471186009097 
0.0365819263613 0.00288197780067 0.0306623076448 0.00894686281091 0.0241776515389 0.0221877568027 1.48193697448 0.0387041516684 1.48193697448 0.0387041516684 
0.0370070702917 0.00224539635875 0.0310211373023 0.00718758318962 0.024465501396 0.0197571731154 1.48204543487 0.0312966585261 1.48204543487 0.0312966585261 
0.0374322142221 0.00173613120522 0.0313799669597 0.00557876827278 0.0247533512532 0.017291866804 1.48215389526 0.0247803794025 1.48215389526 0.0247803794025 
0.0378573581526 0.00144677600435 0.0317387966172 0.00432875380502 0.0250412011104 0.0145487794998 1.48226235564 0.0197224504913 1.48226235564 0.0197224504913 
0.038282502083 0.00108797555527 0.0320976262746 0.00305559092119 0.0253290509676 0.0117593953634 1.48237081603 0.0154515677265 1.48237081603 0.0154515677265 
0.0387076460134 0.000763897730298 0.0324564559321 0.00228011898286 0.0256169008248 0.00949085058855 1.48247927642 0.0122455121008 1.48247927642 0.0122455121008 
0.0391327899438 0.000578710401741 0.0328152855895 0.00173613120522 0.025904750682 0.00750008680656 1.48258773681 0.00957187004479 1.48258773681 0.00957187004479 
0.0395579338742 0.000451394113358 0.033174115247 0.00125001446776 0.0261926005392 0.00552089723261 1.4826961972 0.00732647368604 1.4826961972 0.00732647368604 
0.0399830778046 0.000381948865149 0.0335329449044 0.000902788226716 0.0264804503963 0.00434032801306 1.48280465759 0.00542830356833 1.48280465759 0.00542830356833 
0.0404082217351 0.000277780992836 0.0338917745618 0.000590284609776 0.0267683002535 0.00329864928992 1.48291311798 0.00396995335594 1.48291311798 0.00396995335594 
0.0408333656655 0.000196761536592 0.0342506042193 0.000462968321393 0.0270561501107 0.00247688051945 1.48302157836 0.00297457146495 1.48302157836 0.00297457146495 
0.0412585095959 0.000150464704453 0.0346094338767 0.00033565203301 0.0273439999679 0.00165511174898 1.48313003875 0.00210650586234 1.48313003875 0.00210650586234 
0.0416836535263 0.000104167872313 0.0349682635342 0.000266206784801 0.0276318498251 0.00116899501152 1.48323849914 0.00146992442042 1.48323849914 0.00146992442042 
0.0421087974567 5.78710401741e-05 0.0353270931916 0.000173613120522 0.0279196996823 0.000752323522263 1.48334695953 0.00116899501152 1.48334695953 0.00116899501152 
0.0425339413871 5.78710401741e-05 0.0356859228491 0.000127316288383 0.0282075495395 0.000590284609776 1.48345541992 0.000833342978507 1.48345541992 0.000833342978507 
0.0429590853175 5.78710401741e-05 0.0360447525065 6.94452482088e-05 0.0284953993966 0.000405097281219 1.48356388031 0.000590284609776 1.48356388031 0.000590284609776 
0.043384229248 5.78710401741e-05 0.036403582164 3.47226241044e-05 0.0287832492538 0.000300929408905 1.4836723407 0.000405097281219 1.4836723407 0.000405097281219 
0.0438093731784 4.62968321393e-05 0.0367624118214 2.31484160697e-05 0.029071099111 0.000231484160696 1.48378080108 0.000254632576766 1.48378080108 0.000254632576766 
0.0442345171088 4.62968321393e-05 0.0371212414789 2.31484160697e-05 0.0293589489682 0.000138890496418 1.48388926147 0.000173613120522 1.48388926147 0.000173613120522 
0.0446596610392 1.15742080348e-05 0.0374800711363 1.15742080348e-05 0.0296467988254 0.000104167872313 1.48399772186 9.25936642785e-05 1.48399772186 9.25936642785e-05 
0.0450848049696 1.15742080348e-05 0.0378389007937 1.15742080348e-05 0.0299346486826 4.62968321393e-05 1.48410618225 4.62968321393e-05 1.48410618225 4.62968321393e-05 
0.0455099489 1.15742080348e-05 0.0381977304512 1.15742080348e-05 0.0302224985398 4.62968321393e-05 1.48421464264 3.47226241044e-05 1.48421464264 3.47226241044e-05 
0.0459350928305 1.15742080348e-05 0.0385565601086 1.15742080348e-05 0.0305103483969 3.47226241044e-05 1.48432310303 1.15742080348e-05 1.48432310303 1.15742080348e-05 
0.0463602367609 0.0 0.0389153897661 0.0 0.0307981982541 0.0 1.48443156342 0.0 1.48443156342 0.0 
0.0467853806913 0.0 0.0392742194235 0.0 0.0310860481113 0.0 1.4845400238 0.0 1.4845400238 0.0 
