x_range mlu lu90 lu50 ahc competitive_ratio 
0 0.00384584371932 0.00303242402151 0.00201321253553 1.45358552456 1.02367623575 
1 0.0184517446905 0.0152921788394 0.0121454671025 1.45672370911 1.06774539312 
2 0.0191003475338 0.0158569160849 0.0126316435635 1.45709945679 1.08518731899 
3 0.0195017680526 0.0162013564259 0.012947014533 1.4573254776 1.09800401322 
4 0.0198042020202 0.0164748113602 0.0131896007806 1.45750369549 1.10707218501 
5 0.0200773514807 0.0166895724833 0.0133673651144 1.45763697147 1.11205964103 
6 0.0202943813056 0.0168698728085 0.0135259432718 1.45775212765 1.11670814901 
7 0.020486894995 0.0170335099101 0.0136643266305 1.4578567934 1.12191585341 
8 0.0206678491086 0.0171790793538 0.0137847671285 1.45794965744 1.1272585549 
9 0.020832516253 0.0173062663525 0.0139005770907 1.45804037571 1.13252432835 
10 0.0209922511131 0.0174279976636 0.0140089206398 1.45812143803 1.13760001499 
11 0.0211347788572 0.0175422057509 0.0141082219779 1.45818962574 1.14278999436 
12 0.0212583076209 0.0176517311484 0.0141984522343 1.45825805187 1.14830353253 
13 0.021390138194 0.017754720524 0.0142893595621 1.45832015991 1.15337629424 
14 0.0215108506382 0.0178574025631 0.0143669350073 1.45837869167 1.1573545632 
15 0.0216322671622 0.0179526470602 0.0144456280395 1.4584393692 1.16070945812 
16 0.0217420086265 0.0180385876447 0.0145218633115 1.45849432468 1.16408425322 
17 0.021841108799 0.0181309524924 0.0145998410881 1.45854928017 1.16682292784 
18 0.0219517778605 0.0182169880718 0.0146725829691 1.45860042095 1.16950403619 
19 0.0220468640327 0.0182998366654 0.0147417513654 1.45865025043 1.17229745365 
20 0.0221445243806 0.0183821115643 0.0148065909743 1.45870031834 1.1753155599 
21 0.0222504269332 0.0184610653669 0.0148714538664 1.45874776363 1.17838419462 
22 0.0223443973809 0.0185348987579 0.0149349290878 1.45879330158 1.18153167894 
23 0.0224434155971 0.0186137743294 0.0149953458458 1.4588358593 1.18487773944 
24 0.0225383415818 0.0186832565814 0.0150588918477 1.45888056278 1.18792979635 
25 0.0226310212165 0.0187572222203 0.0151156624779 1.45892264366 1.1910514007 
26 0.022716877982 0.0188263505697 0.01517786365 1.45896508217 1.19380526978 
27 0.0228033605963 0.0188997685909 0.015235254541 1.45900799751 1.19658238293 
28 0.0228891000152 0.018964169547 0.0152941737324 1.45904948235 1.19916360589 
29 0.0229735150933 0.019031919539 0.0153519036248 1.45909072876 1.20154977143 
30 0.023057628423 0.0190999787301 0.0154078016058 1.45912923336 1.20402803409 
31 0.0231411606073 0.0191657338291 0.0154654141515 1.45916618824 1.20643087871 
32 0.0232246834785 0.0192330554128 0.0155213009566 1.45920135498 1.20883251029 
33 0.0233096145093 0.019299743697 0.0155763654038 1.45923866749 1.2111616009 
34 0.0233942493796 0.0193614382297 0.0156299937516 1.45927741051 1.21381006296 
35 0.0234758052975 0.0194249600172 0.0156846623868 1.45931353092 1.21630284296 
36 0.023558922112 0.019487850368 0.0157395116985 1.4593478632 1.21882636866 
37 0.0236447714269 0.0195509660989 0.0157896000892 1.45938148022 1.22128288461 
38 0.0237320736051 0.0196107812226 0.015842506662 1.45941497803 1.22387764219 
39 0.0238161366433 0.019673416391 0.0158948060125 1.4594493103 1.22661068406 
40 0.0239012762904 0.0197353586555 0.0159466601908 1.45948447704 1.22918585647 
41 0.0239816401154 0.01979435049 0.0159984752536 1.45952071667 1.23195960953 
42 0.0240654535592 0.0198568310589 0.0160502400249 1.45955624104 1.23489599139 
43 0.0241464208812 0.0199191644788 0.0161016415805 1.45958997726 1.23781644139 
44 0.0242326725274 0.0199806988239 0.016157861799 1.45962299824 1.24082719727 
45 0.0243189819157 0.0200410652906 0.0162132978439 1.45965685368 1.24412954767 
46 0.0244041271508 0.0201049745083 0.0162673704326 1.45968999386 1.2473090321 
47 0.0244918633252 0.0201657470316 0.0163211021572 1.45972289562 1.25082189647 
48 0.0245753750205 0.0202284287661 0.0163724105805 1.4597547245 1.25432549713 
49 0.0246617719531 0.0202921424061 0.0164274983108 1.45978786469 1.25798942638 
50 0.0247441902757 0.0203592758626 0.0164819248021 1.45982028961 1.26186124079 
51 0.0248285569251 0.0204220321029 0.0165388677269 1.45985235691 1.26627222448 
52 0.0249134413898 0.0204854123294 0.0165966376662 1.45988573551 1.27069061673 
53 0.0250044800341 0.0205454807729 0.0166538469493 1.45991672993 1.27558866375 
54 0.0250948257744 0.0206127818674 0.016712481156 1.45995070457 1.28034121063 
55 0.0251935869455 0.0206771139055 0.0167687740177 1.45998348713 1.2856584805 
56 0.0252902023494 0.020744195208 0.0168307926506 1.46001805782 1.29066598927 
57 0.0253818370402 0.0208102520555 0.0168919749558 1.46005167484 1.29629557845 
58 0.0254834163934 0.0208783335984 0.016952117905 1.4600857687 1.30179917859 
59 0.0255783423781 0.0209489446133 0.0170135423541 1.46012093544 1.30771328042 
60 0.0256770327687 0.0210205577314 0.0170773006976 1.46015371799 1.31367075151 
61 0.025782989338 0.0210897512734 0.0171388871968 1.4601870966 1.31977246472 
62 0.0258818008006 0.0211588926613 0.0172072220594 1.46022190571 1.32612935607 
63 0.0259918440133 0.0212286785245 0.0172687955201 1.46025480747 1.33274552079 
64 0.0260991733521 0.0213039517403 0.0173381567001 1.460289855 1.33936992384 
65 0.0262111071497 0.021375162527 0.0174068529159 1.46032597542 1.34637166195 
66 0.0263237785548 0.0214555729181 0.0174770001322 1.46036185741 1.35307096126 
67 0.0264436788857 0.0215359181166 0.017552215606 1.46039678574 1.35990002499 
68 0.0265555102378 0.0216154437512 0.0176248252392 1.46043278694 1.36688003549 
69 0.0266753807664 0.0217051040381 0.017698135227 1.46046962261 1.37427466282 
70 0.0267957411706 0.0217923074961 0.0177744906396 1.46050574303 1.38173828179 
71 0.0269168242812 0.0218790862709 0.0178551655263 1.46054377079 1.3893561143 
72 0.0270485784858 0.0219734497368 0.0179402157664 1.46058144093 1.39705479076 
73 0.0271808635443 0.0220674294978 0.0180295296013 1.46062018394 1.40485264589 
74 0.0273117832839 0.0221650712192 0.0181177277118 1.46065845013 1.41287509769 
75 0.0274517312646 0.0222695879638 0.0182088427246 1.46069743156 1.42106455864 
76 0.0275970529765 0.0223778542131 0.0183041077107 1.46073760509 1.42973767239 
77 0.0277426037937 0.0224848724902 0.0184108763933 1.46078063965 1.43827816725 
78 0.0278839655221 0.0225949846208 0.0185153409839 1.46082450867 1.44702216421 
79 0.02803886123 0.0227170009166 0.0186251644045 1.46086813927 1.45637211024 
80 0.0281904470176 0.0228432565928 0.0187371503562 1.46091355801 1.46620633994 
81 0.0283479299396 0.0229729171842 0.01886112988 1.46095873833 1.4764557393 
82 0.0285082031041 0.0231110751629 0.0189809966832 1.46100737572 1.48654037825 
83 0.0286725685 0.0232651010156 0.0191264431924 1.46105517864 1.49774659178 
84 0.0288353860378 0.0234199538827 0.0192723255605 1.46110679626 1.50959174661 
85 0.0290032643825 0.0235868506134 0.0194302685559 1.46116318226 1.52205323382 
86 0.0291843656451 0.0237664859742 0.0196005646139 1.46121909142 1.53544292089 
87 0.0293778311461 0.0239715948701 0.0197866838425 1.46127523899 1.54856066698 
88 0.0295728947967 0.0242010131478 0.0199866220355 1.46133865833 1.56261398159 
89 0.0297769512981 0.0244397800416 0.0202176775783 1.46140088558 1.57847057451 
90 0.0300043728203 0.0246953610331 0.0204559192061 1.46147050381 1.59653300933 
91 0.0302385892719 0.0249847248197 0.0207228381187 1.46154453278 1.61444773809 
92 0.0304889995605 0.0253246948123 0.0210475157946 1.46162249565 1.63355316301 
93 0.0307866036892 0.0257202815264 0.0214299876243 1.4617052269 1.65477670257 
94 0.0311194490641 0.0261969342828 0.0218523200601 1.46179844856 1.68043221113 
95 0.0314959734678 0.0267616417259 0.0223635304719 1.46190394878 1.71163827422 
96 0.0319810509682 0.0274966321886 0.0230224058032 1.46203007221 1.74529154019 
97 0.0325615629554 0.0283558815718 0.0237821061164 1.46217526913 1.7894013645 
98 0.0334095768631 0.0294760726392 0.0247269589454 1.46236469269 1.85224082635 
99 0.0347865521908 0.0308607779443 0.025850199163 1.46267594814 1.94495206822 
100 0.0467853806913 0.0392742194235 0.0310860481113 1.4645400238 2.40438052377 
