mlu_x mlu_y lu90_x lu90_y lu50_x lu50_y ahc_x ahc_y 
0.00381448352709 4.62968321393e-05 0.00302468170412 3.47226241044e-05 0.00202735257335 2.31484160696e-05 1.47822193146 1.15742080348e-05 1.02251226476 0.000740749314228 
0.00424224545829 6.94452482089e-05 0.00338268391604 8.10194562437e-05 0.00231602495665 9.25936642785e-05 1.47830847504 1.15742080348e-05 1.03644479031 0.00394680493987 
0.00467000738948 0.000104167872313 0.00374068612795 9.25936642785e-05 0.00260469733996 0.000115742080348 1.47839501862 1.15742080348e-05 1.05037731586 0.00939825692427 
0.00509776932068 0.000127316288383 0.00409868833987 0.000138890496418 0.00289336972326 0.000196761536592 1.47848156221 3.47226241044e-05 1.0643098414 0.0155557355988 
0.00552553125187 0.000173613120522 0.00445669055179 0.000196761536592 0.00318204210656 0.000219909952661 1.47856810579 4.62968321393e-05 1.07824236695 0.0233914744384 
0.00595329318306 0.000208335744627 0.0048146927637 0.000196761536592 0.00347071448986 0.000243058368731 1.47865464938 5.78710401741e-05 1.0921748925 0.0351624440098 
0.00638105511426 0.000266206784801 0.00517269497562 0.000231484160696 0.00375938687317 0.00031250361694 1.47874119296 6.94452482089e-05 1.10610741804 0.0604057917337 
0.00680881704545 0.00031250361694 0.00553069718754 0.00031250361694 0.00404805925647 0.000370374657114 1.47882773654 0.000127316288383 1.12003994359 0.0871885091263 
0.00723657897664 0.000370374657114 0.00588869939945 0.000370374657114 0.00433673163977 0.000416671489253 1.47891428013 0.000127316288383 1.13397246914 0.113982800727 
0.00766434090784 0.000428245697288 0.00624670161137 0.000439819905323 0.00462540402308 0.000462968321393 1.47900082371 0.000162038912487 1.14790499468 0.145892892279 
0.00809210283903 0.000474542529427 0.00660470382329 0.000486116737462 0.00491407640638 0.000532413569601 1.47908736729 0.000219909952661 1.16183752023 0.193867984583 
0.00851986477022 0.000578710401741 0.00696270603521 0.000567136193706 0.00520274878968 0.000567136193706 1.47917391088 0.00028935520087 1.17577004578 0.238197201356 
0.00894762670142 0.00062500723388 0.00732070824712 0.00062500723388 0.00549142117299 0.000613433025845 1.47926045446 0.00033565203301 1.18970257133 0.279829627658 
0.00937538863261 0.000729175106193 0.00767871045904 0.000717600898159 0.00578009355629 0.000740749314228 1.47934699804 0.000451394113358 1.20363509687 0.327353325849 
0.00980315056381 0.000787046146367 0.00803671267096 0.000787046146367 0.00606876593959 0.000787046146367 1.47943354163 0.000509265153532 1.21756762242 0.386578548363 
0.010230912495 0.000868065602611 0.00839471488287 0.000868065602611 0.00635743832289 0.000844917186542 1.47952008521 0.00064815564995 1.23150014797 0.442806050996 
0.0106586744262 0.00091436243475 0.00875271709479 0.000902788226716 0.0066461107062 0.000925936642785 1.4796066288 0.00091436243475 1.24543267351 0.490920033797 
0.0110864363574 0.000972233474924 0.00911071930671 0.00093751085082 0.0069347830895 0.000995381890994 1.47969317238 0.00122686605169 1.25936519906 0.528258428917 
0.0115141982886 0.00100695609903 0.00946872151862 0.00101853030706 0.0072234554728 0.00104167872313 1.47977971596 0.00164353754094 1.27329772461 0.558038866191 
0.0119419602198 0.00109954976331 0.00982672373054 0.00107640134724 0.00751212785611 0.00112269817938 1.47986625955 0.00214122848644 1.28723025015 0.584254447389 
0.012369722151 0.00118056921955 0.0101847259425 0.00111112397134 0.00780080023941 0.00115742080348 1.47995280313 0.00271993888818 1.3011627757 0.608062593317 
0.0127974840822 0.00122686605169 0.0105427281544 0.00115742080348 0.00808947262271 0.00120371763562 1.48003934671 0.00343753978634 1.31509530125 0.630516556905 
0.0132252460134 0.0012963112999 0.0109007303663 0.00123844025973 0.00837814500602 0.00125001446776 1.4801258903 0.00439819905323 1.3290278268 0.651593189736 
0.0136530079445 0.00137733075614 0.0112587325782 0.00134260813204 0.00866681738932 0.001331033924 1.48021243388 0.00581025243348 1.34296035234 0.671905924837 
0.0140807698757 0.00148149862846 0.0116167347901 0.00142362758828 0.00895548977262 0.00143520179632 1.48029897746 0.00730332526997 1.35689287789 0.690899200222 
0.0145085318069 0.0015972407088 0.011974737002 0.00150464704453 0.00924416215592 0.00148149862846 1.48038552105 0.0090741790993 1.37082540344 0.709128577877 
0.0149362937381 0.00170140858112 0.012332739214 0.00158566650077 0.00953283453923 0.00157409229273 1.48047206463 0.0113427238741 1.38475792898 0.726767670922 
0.0153640556693 0.00180557645343 0.0126907414259 0.00173613120522 0.00982150692253 0.00163196333291 1.48055860822 0.0138196043936 1.39869045453 0.744534080256 
0.0157918176005 0.00197918957395 0.0130487436378 0.00197918957395 0.0101101793058 0.00177085382933 1.4806451518 0.0166784337782 1.41262298008 0.761166217202 
0.0162195795317 0.00230326739893 0.0134067458497 0.00230326739893 0.0103988516891 0.00211808007037 1.48073169538 0.0201043993565 1.42655550562 0.777601592611 
0.0166473414629 0.00284725517656 0.0137647480616 0.00281253255246 0.0106875240724 0.00266206784801 1.48081823897 0.023935462216 1.44048803117 0.792601766224 
0.0170751033941 0.00386578548363 0.0141227502735 0.00381948865149 0.0109761964557 0.00341439137027 1.48090478255 0.0293521915763 1.45442055672 0.806375073786 
0.0175028653253 0.00582182664151 0.0144807524855 0.00554404564868 0.011264868839 0.0044560700934 1.48099132613 0.0350235535134 1.46835308226 0.819708561442 
0.0179306272565 0.00891214018681 0.0148387546974 0.00881954652253 0.0115535412223 0.00649313070753 1.48107786972 0.0416440005093 1.48228560781 0.831965647751 
0.0183583891877 0.0140742369703 0.0151967569093 0.0135186749847 0.0118422136057 0.00944455375641 1.4811644133 0.0486463963703 1.49621813336 0.843644023658 
0.0187861511189 0.0223960925474 0.0155547591212 0.0212502459519 0.012130885989 0.0143751663792 1.48125095688 0.0575585365571 1.51015065891 0.854269146634 
0.0192139130501 0.0336462227572 0.0159127613331 0.0314818458547 0.0124195583723 0.0215511753608 1.48133750047 0.0670262387296 1.52408318445 0.864350281832 
0.0196416749813 0.0492945520203 0.016270763545 0.0462968321393 0.0127082307556 0.0312156390699 1.48142404405 0.0784384078519 1.53801571 0.874165210245 
0.0200694369125 0.0690054283036 0.016628765757 0.0660655794627 0.0129969031389 0.0443292167733 1.48151058764 0.091077443026 1.55194823555 0.883401428257 
0.0204971988436 0.0947117443489 0.0169867679689 0.0911931851063 0.0132855755222 0.0622460908112 1.48159713122 0.104179446521 1.56588076109 0.892186252156 
0.0209249607748 0.126413500156 0.0173447701808 0.121830113774 0.0135742479055 0.0853597842568 1.4816836748 0.119075452262 1.57981328664 0.900392365652 
0.021352722706 0.16290697809 0.0177027723927 0.158346740124 0.0138629202888 0.113265199829 1.48177021839 0.135452956631 1.59374581219 0.908586904941 
0.0217804846372 0.204539404391 0.0180607746046 0.200847232028 0.0141515926721 0.147918378685 1.48185676197 0.153879095823 1.60767833773 0.915589300802 
0.0222082465684 0.250581603954 0.0184187768166 0.248220465515 0.0144402650554 0.187293834419 1.48194330555 0.172629312839 1.62161086328 0.92160788898 
0.0226360084996 0.300871537865 0.0187767790285 0.300223382215 0.0147289374387 0.231206379703 1.48202984914 0.194168913992 1.63554338883 0.928355652264 
0.0230637704308 0.353071216102 0.0191347812404 0.354425398442 0.015017609822 0.280292595979 1.48211639272 0.216727045452 1.64947591438 0.93432794361 
0.023491532362 0.40373152467 0.0194927834523 0.411856618711 0.0153062822053 0.332145047975 1.4822029363 0.241484276438 1.66340843992 0.939432169354 
0.0239192942932 0.453778400213 0.0198507856642 0.4707577634 0.0155949545886 0.385722056968 1.48228947989 0.265662797023 1.67734096547 0.944362781977 
0.0243470562244 0.503234991146 0.0202087878761 0.52670748504 0.0158836269719 0.440757416174 1.48237602347 0.292619127536 1.69127349102 0.949108207271 
0.0247748181556 0.55038831468 0.0205667900881 0.580712739731 0.0161722993552 0.494704799824 1.48246256706 0.320188891075 1.70520601656 0.95335594162 
0.0252025800868 0.594428176252 0.0209247923 0.63101424785 0.0164609717385 0.545457702057 1.48254911064 0.348927649626 1.71913854211 0.957105985023 
0.025630342018 0.635261982199 0.0212827945119 0.676605053299 0.0167496441218 0.592761490295 1.48263565422 0.379228926261 1.73307106766 0.96071713793 
0.0260581039492 0.673236958761 0.0216407967238 0.717010613549 0.0170383165051 0.637264320189 1.48272219781 0.40897464091 1.7470035932 0.964166251924 
0.0264858658804 0.708827648468 0.0219987989357 0.753133716825 0.0173269888884 0.678213868216 1.48280874139 0.441127790831 1.76093611875 0.967198694429 
0.0269136278116 0.74138589567 0.0223568011476 0.785020659961 0.0176156612717 0.714799939814 1.48289528497 0.473315663376 1.7748686443 0.969895484901 
0.0273413897427 0.771062165071 0.0227148033596 0.812486255628 0.017904333655 0.747346612808 1.48298182856 0.50515630968 1.78880116984 0.972557552749 
0.0277691516739 0.799175916388 0.0230728055715 0.83627125314 0.0181930060383 0.776004351902 1.48306837214 0.537355756432 1.80273369539 0.975057581685 
0.0281969136051 0.826143821109 0.0234308077834 0.857104827602 0.0184816784216 0.80181483582 1.48315491572 0.568108427181 1.81666622094 0.97732612646 
0.0286246755363 0.85164180141 0.0237888099953 0.874547159111 0.0187703508049 0.824754916145 1.48324145931 0.598965265802 1.83059874649 0.979305316034 
0.0290524374675 0.874385120198 0.0241468122072 0.889443164851 0.0190590231882 0.844419495596 1.48332800289 0.630099885415 1.84453127203 0.981110892487 
0.0294801993987 0.894964062084 0.0245048144191 0.903204898205 0.0193476955715 0.861271542495 1.48341454648 0.660308568386 1.85846379758 0.982823875276 
0.0299079613299 0.912707323001 0.0248628166311 0.915033738816 0.0196363679548 0.876549497101 1.48350109006 0.689799650459 1.87239632313 0.984606303314 
0.0303357232611 0.928112593896 0.025220818843 0.924663479901 0.0199250403381 0.889732520052 1.48358763364 0.718723596338 1.88632884867 0.986400305559 
0.0307634851923 0.941214597391 0.0255788210549 0.932614960821 0.0202137127214 0.901225708631 1.48367417723 0.745297977986 1.90026137422 0.987685042651 
0.0311912471235 0.951689255663 0.0259368232668 0.94010347342 0.0205023851047 0.911735089526 1.48376072081 0.770298267341 1.91419389977 0.988796166622 
0.0316190090547 0.960485653769 0.0262948254787 0.946654475168 0.020791057488 0.920485190801 1.48384726439 0.794719846295 1.92812642531 0.98993043901 
0.0320467709859 0.967858424287 0.0266528276906 0.952129075568 0.0210797298713 0.928077871272 1.48393380798 0.817277977754 1.94205895086 0.990844801444 
0.0324745329171 0.973772844593 0.0270108299026 0.957140707647 0.0213684022546 0.934964525052 1.48402035156 0.838470352666 1.95599147641 0.991793886503 
0.0329022948483 0.978495121471 0.0273688321145 0.961619926157 0.021657074638 0.941365062096 1.48410689514 0.857139550226 1.96992400196 0.99275454577 
0.0333300567795 0.982615539532 0.0277268343264 0.965983402586 0.0219457470213 0.947256333985 1.48419343873 0.874778643271 1.9838565275 0.993773076077 
0.0337578187106 0.98615724719 0.0280848365383 0.969883910693 0.0222344194046 0.952048056112 1.48427998231 0.891387631801 1.99778905305 0.994629567472 
0.0341855806418 0.988761443998 0.0284428387502 0.973205708399 0.0225230917879 0.956643016702 1.4843665259 0.907047535272 2.0117215786 0.995381890994 
0.034613342573 0.991029988773 0.0288008409621 0.976411764025 0.0228117641712 0.960393060105 1.48445306948 0.920404171345 2.02565410414 0.9961110661 
0.0350411045042 0.992835565226 0.0291588431741 0.979548374402 0.0231004365545 0.964177826132 1.48453961306 0.932337179828 2.03958662969 0.996724499126 
0.0354688664354 0.994421231727 0.029516845386 0.982476649035 0.0233891089378 0.9680204632 1.48462615665 0.9428118381 2.05351915524 0.997256912696 
0.0358966283666 0.995810136691 0.0298748475979 0.985208162132 0.0236777813211 0.971770506603 1.48471270023 0.95282352805 2.06745168078 0.997766177849 
0.0363243902978 0.996805518582 0.0302328498098 0.987627171611 0.0239664537044 0.975103878517 1.48479924381 0.961110661003 2.08138420633 0.998205997755 
0.036752152229 0.997395803192 0.0305908520217 0.990069329506 0.0242551260877 0.978101598398 1.4848857874 0.968298244193 2.09531673188 0.99858794662 
0.0371799141602 0.997951365178 0.0309488542336 0.99204851908 0.024543798471 0.980439588421 1.48497233098 0.974502019699 2.10924925742 0.998865727613 
0.0376076760914 0.998437481915 0.0313068564456 0.993761501869 0.0248324708543 0.983043785229 1.48505887456 0.979559948611 2.12318178297 0.999062489149 
0.0380354380226 0.998738411324 0.0316648586575 0.995104110001 0.0251211432376 0.985659556245 1.48514541815 0.983900276624 2.13711430852 0.999305547518 
0.0384631999538 0.999097211773 0.0320228608694 0.996446718133 0.0254098156209 0.988483663005 1.48523196173 0.987604023195 2.15104683407 0.999502309055 
0.038890961885 0.999363418558 0.0323808630813 0.997361080568 0.0256984880042 0.990856375652 1.48531850532 0.990242942627 2.16497935961 0.999652773759 
0.0393187238162 0.999479160638 0.0327388652932 0.998009236218 0.0259871603875 0.992823991018 1.4854050489 0.992326300073 2.17891188516 0.999768515839 
0.0397464857474 0.999560180095 0.0330968675051 0.998483778747 0.0262758327708 0.994629567472 1.48549159248 0.994224470191 2.19284441071 0.999814812671 
0.0401742476786 0.999641199551 0.0334548697171 0.998912024445 0.0265645051541 0.995740691443 1.48557813607 0.995705968819 2.20677693625 0.999895832128 
0.0406020096097 0.999745367423 0.033812871929 0.999282399102 0.0268531775374 0.996793944374 1.48566467965 0.996874963831 2.2207094618 0.999895832128 
0.0410297715409 0.999837961088 0.0341708741409 0.999479160638 0.0271418499207 0.997592564729 1.48575122323 0.997673584185 2.23464198735 0.999918980544 
0.0414575334721 0.999872683712 0.0345288763528 0.999618051135 0.027430522304 0.998379610875 1.48583776682 0.998263868795 2.24857451289 0.999930554752 
0.0418852954033 0.999918980544 0.0348868785647 0.999687496383 0.0277191946873 0.998888876029 1.4859243104 0.998726837116 2.26250703844 0.99994212896 
0.0423130573345 0.999930554752 0.0352448807766 0.999803238463 0.0280078670706 0.999259250686 1.48601085398 0.999085637565 2.27643956399 0.99994212896 
0.0427408192657 0.99994212896 0.0356028829886 0.999872683712 0.0282965394539 0.999421289598 1.48609739757 0.999374992766 2.29037208954 0.999976851584 
0.0431685811969 0.99994212896 0.0359608852005 0.999907406336 0.0285852118372 0.999606476927 1.48618394115 0.999571754303 2.30430461508 0.999976851584 
0.0435963431281 0.99994212896 0.0363188874124 0.999930554752 0.0288738842205 0.999687496383 1.48627048474 0.999710644799 2.31823714063 0.999976851584 
0.0440241050593 0.999965277376 0.0366768896243 0.999953703168 0.0291625566038 0.999780090047 1.48635702832 0.999826386879 2.33216966618 0.999976851584 
0.0444518669905 0.999976851584 0.0370348918362 0.999976851584 0.0294512289871 0.999872683712 1.4864435719 0.999907406336 2.34610219172 0.999988425792 
0.0448796289217 0.999988425792 0.0373928940482 0.999988425792 0.0297399013704 0.999918980544 1.48653011549 0.99994212896 2.36003471727 0.999988425792 
0.0453073908529 0.999988425792 0.0377508962601 0.999988425792 0.0300285737537 0.999953703168 1.48661665907 0.999953703168 2.37396724282 0.999988425792 
0.0457351527841 0.999988425792 0.038108898472 0.999988425792 0.030317246137 0.999953703168 1.48670320265 0.999965277376 2.38789976836 0.999988425792 
0.0461629147153 0.999988425792 0.0384669006839 0.999988425792 0.0306059185203 0.999976851584 1.48678974624 0.999988425792 2.40183229391 0.999988425792 
0.0465906766465 1.0 0.0388249028958 1.0 0.0308945909036 1.0 1.48687628982 1.0 2.41576481946 1.0 
0.0470184385777 1 0.0391829051077 1 0.0311832632869 1 1.4869628334 1 2.429697345 1 
