mlu_x mlu_y lu90_x lu90_y lu50_x lu50_y ahc_x ahc_y 
0.00382938561961 6.94452482089e-05 0.00298863742501 3.47226241044e-05 0.00200458825566 2.31484160696e-05 1.49268477917 1.15742080348e-05 1.02361300439 0.000439819905323 
0.00425490067516 8.10194562437e-05 0.00334724492513 8.10194562437e-05 0.00228992118362 6.94452482089e-05 1.49280452785 1.15742080348e-05 1.03691747881 0.0026273452239 
0.0046804157307 0.000104167872313 0.00370585242526 9.25936642785e-05 0.00257525411158 0.000115742080348 1.49292427653 1.15742080348e-05 1.05022195322 0.00792833250385 
0.00510593078625 0.000127316288383 0.00406445992539 0.000150464704453 0.00286058703954 0.000196761536592 1.49304402521 5.78710401741e-05 1.06352642764 0.0157177745113 
0.00553144584179 0.000173613120522 0.00442306742552 0.000196761536592 0.0031459199675 0.000208335744627 1.4931637739 9.25936642785e-05 1.07683090205 0.0286924617183 
0.00595696089734 0.000219909952661 0.00478167492564 0.000208335744627 0.00343125289546 0.000254632576766 1.49328352258 0.000104167872313 1.09013537647 0.053206634336 
0.00638247595289 0.000277780992836 0.00514028242577 0.000231484160696 0.00371658582342 0.000300929408905 1.49340327126 0.000127316288383 1.10343985088 0.0786583178046 
0.00680799100843 0.000347226241044 0.0054988899259 0.00031250361694 0.00400191875138 0.000358800449079 1.49352301994 0.000208335744627 1.1167443253 0.110614706189 
0.00723350606398 0.000358800449079 0.00585749742603 0.000381948865149 0.00428725167934 0.000405097281219 1.49364276862 0.00031250361694 1.13004879971 0.146610493177 
0.00765902111952 0.000439819905323 0.00621610492615 0.000439819905323 0.0045725846073 0.000474542529427 1.49376251731 0.000370374657114 1.14335327413 0.1848169539 
0.00808453617507 0.000509265153532 0.00657471242628 0.000474542529427 0.00485791753526 0.000520839361567 1.49388226599 0.000405097281219 1.15665774854 0.255396474496 
0.00851005123061 0.000590284609776 0.00693331992641 0.000578710401741 0.00514325046322 0.000567136193706 1.49400201467 0.000497690945497 1.16996222296 0.311392492969 
0.00893556628616 0.000659729857984 0.00729192742654 0.000659729857984 0.00542858339118 0.000613433025845 1.49412176335 0.00062500723388 1.18326669737 0.361416220095 
0.00936108134171 0.000740749314228 0.00765053492666 0.000729175106193 0.00571391631914 0.000729175106193 1.49424151203 0.000868065602611 1.19657117179 0.401208347319 
0.00978659639725 0.000810194562437 0.00800914242679 0.000821768770472 0.0059992492471 0.000763897730298 1.49436126072 0.00115742080348 1.2098756462 0.435282815773 
0.0102121114528 0.000891214018681 0.00836774992692 0.000856491394576 0.00628458217506 0.000844917186542 1.4944810094 0.00143520179632 1.22318012062 0.472736952974 
0.0106376265083 0.00093751085082 0.00872635742705 0.00091436243475 0.00656991510302 0.00093751085082 1.49460075808 0.00188659590967 1.23648459503 0.506394749939 
0.0110631415639 0.000995381890994 0.00908496492718 0.00096065926689 0.00685524803098 0.000995381890994 1.49472050676 0.00239586106321 1.24978906945 0.534948321161 
0.0114886566194 0.00107640134724 0.0094435724273 0.00100695609903 0.00714058095894 0.0010301045151 1.49484025544 0.0031250361694 1.26309354386 0.559231009618 
0.011914171675 0.00111112397134 0.00980217992743 0.00107640134724 0.0074259138869 0.00111112397134 1.49496000413 0.00384263706756 1.27639801828 0.581152559636 
0.0123396867305 0.00119214342759 0.0101607874276 0.00113427238741 0.00771124681486 0.00115742080348 1.49507975281 0.00473385108624 1.28970249269 0.602310211924 
0.0127652017861 0.00126158867579 0.0105193949277 0.00119214342759 0.00799657974282 0.00120371763562 1.49519950149 0.00613433025845 1.30300696711 0.622287294992 
0.0131907168416 0.00134260813204 0.0108780024278 0.00125001446776 0.00828191267078 0.00125001446776 1.49531925017 0.00748851259853 1.31631144152 0.642449565388 
0.0136162318972 0.00144677600435 0.0112366099279 0.00137733075614 0.00856724559873 0.0012963112999 1.49543899885 0.00923621801178 1.32961591594 0.661685899142 
0.0140417469527 0.0015277954606 0.0115952174281 0.00144677600435 0.00885257852669 0.00140047917221 1.49555874754 0.0115279112027 1.34292039035 0.679440734268 
0.0144672620083 0.00163196333291 0.0119538249282 0.00153936966863 0.00913791145465 0.00148149862846 1.49567849622 0.0143288695471 1.35622486477 0.697484924594 
0.0148927770638 0.00175927962129 0.0123124324283 0.00165511174898 0.00942324438261 0.0015625180847 1.4957982449 0.0170603826433 1.36952933918 0.714973552935 
0.0153182921193 0.00186344749361 0.0126710399285 0.00181715066147 0.00970857731057 0.00162038912487 1.49591799358 0.0205673676779 1.3828338136 0.731628838297 
0.0157438071749 0.00204863482216 0.0130296474286 0.00204863482216 0.00999391023853 0.00174770541326 1.49603774227 0.0246414889061 1.39613828801 0.747716987465 
0.0161693222304 0.00243058368731 0.0133882549287 0.00247688051945 0.0102792431665 0.00208335744627 1.49615749095 0.0293290431602 1.40944276243 0.763203277816 
0.016594837286 0.00306716512923 0.0137468624288 0.00317133300154 0.0105645760945 0.00258104839176 1.49627723963 0.0347573467286 1.42274723684 0.778041412516 
0.0170203523415 0.00451394113358 0.014105469929 0.00447921850947 0.0108499090224 0.00332179770599 1.49639698831 0.0409611222352 1.43605171126 0.792648063056 
0.0174458673971 0.00670146645216 0.0144640774291 0.00686350536465 0.0111352419504 0.00436347642913 1.49651673699 0.0477551823516 1.44935618567 0.806270905913 
0.0178713824526 0.0110186460491 0.0148226849292 0.0105672519358 0.0114205748783 0.00637738862718 1.49663648568 0.0565515804581 1.46266066009 0.818632160094 
0.0182968975082 0.0176738156692 0.0151812924293 0.0164469496175 0.0117059078063 0.0091436243475 1.49675623436 0.0664591025359 1.4759651345 0.830842949571 
0.0187224125637 0.0274887440827 0.0155398999295 0.0256600192132 0.0119912407343 0.0137385849373 1.49687598304 0.0770495028878 1.48926960892 0.842486602854 
0.0191479276193 0.0406949154504 0.0158985074296 0.0379749765622 0.0122765736622 0.0209261681269 1.49699573172 0.0888551950833 1.50257408333 0.853262190535 
0.0195734426748 0.0587275315687 0.0162571149297 0.0556372180234 0.0125619065902 0.0299424761861 1.4971154804 0.102049792243 1.51587855775 0.863979907175 
0.0199989577304 0.0819685413026 0.0166157224299 0.078785634093 0.0128472395181 0.0427088276485 1.49723522909 0.116170326045 1.52918303216 0.873308718851 
0.0204244727859 0.1104873899 0.01697432993 0.107964212549 0.0131325724461 0.0602206044051 1.49735497777 0.131436706443 1.54248750658 0.881931503837 
0.0208499878414 0.144399819442 0.0173329374301 0.143346566511 0.0134179053741 0.0824083612079 1.49747472645 0.148196159678 1.55579198099 0.890045023669 
0.021275502897 0.183057674279 0.0176915449302 0.184272966122 0.013703238302 0.10960775009 1.49759447513 0.166714892533 1.56909645541 0.897880762509 
0.0217010179525 0.226148450792 0.0180501524304 0.230349888309 0.01398857123 0.142987766062 1.49771422381 0.187097072883 1.58240092982 0.905820669221 
0.0221265330081 0.272526302388 0.0184087599305 0.282017152976 0.0142739041579 0.181066910497 1.4978339725 0.208682970868 1.59570540424 0.913170291323 
0.0225520480636 0.323036146252 0.0187673674306 0.33653167282 0.0145592370859 0.225210939941 1.49795372118 0.231275824952 1.60900987865 0.919837035151 
0.0229775631192 0.373152467042 0.0191259749307 0.395351798053 0.0148445700139 0.272885102837 1.49807346986 0.255211287168 1.62231435307 0.92631859165 
0.0234030781747 0.424657692797 0.0194845824309 0.453940439125 0.0151299029418 0.32375374715 1.49819321854 0.279621291913 1.63561882748 0.932013102003 
0.0238285932303 0.474565677843 0.019843189931 0.511904072964 0.0154152358698 0.377307607727 1.49831296722 0.306207247769 1.6489233019 0.937221495619 
0.0242541082858 0.522575492772 0.0202017974311 0.567483419947 0.0157005687977 0.432667044757 1.49843271591 0.333395062443 1.66222777631 0.94210581141 
0.0246796233414 0.568548247086 0.0205604049313 0.620759499531 0.0159859017257 0.486984803065 1.49855246459 0.362423176194 1.67553225073 0.946353545759 
0.0251051383969 0.6116390236 0.0209190124314 0.6688271855 0.0162712346537 0.538351138323 1.49867221327 0.39148601257 1.68883672514 0.950960080556 
0.0255306534524 0.651361705575 0.0212776199315 0.711617032605 0.0165565675816 0.586279933796 1.49879196195 0.421497934004 1.70214119956 0.954872162872 
0.025956168508 0.687808886677 0.0216362274316 0.749476267086 0.0168419005096 0.631315177259 1.49891171064 0.452748295698 1.71544567397 0.958575909443 
0.0263816835635 0.722253729789 0.0219948349318 0.782983599347 0.0171272334375 0.673202236137 1.49903145932 0.482968552877 1.72875014839 0.962268081807 
0.0268071986191 0.753353626778 0.0223534424319 0.811074202248 0.0174125663655 0.710343869721 1.499151208 0.514681882892 1.7420546228 0.965786641049 
0.0272327136746 0.782451185778 0.022712049932 0.835889304274 0.0176978992934 0.744198428223 1.49927095668 0.545747057258 1.75535909722 0.968240373152 
0.0276582287302 0.810321878725 0.0230706574322 0.856919640274 0.0179832322214 0.773585342423 1.49939070536 0.576800657415 1.76866357164 0.970751976296 
0.0280837437857 0.836630053589 0.0234292649323 0.874790217479 0.0182685651494 0.799615736293 1.49951045405 0.60780796074 1.78196804605 0.973344598896 
0.0285092588413 0.860461347932 0.0237878724324 0.890010301045 0.0185538980773 0.822891468651 1.49963020273 0.638074514751 1.79527252047 0.97543953055 
0.0289347738968 0.882521788447 0.0241464799325 0.903633143902 0.0188392310053 0.842694938599 1.49974995141 0.667739209945 1.80857699488 0.97755761062 
0.0293602889524 0.902186367898 0.0245050874327 0.915508281346 0.0191245639332 0.860218289564 1.49986970009 0.696026574382 1.8218814693 0.979652542275 
0.0297858040079 0.918760633804 0.0248636949328 0.925138022431 0.0194098968612 0.875542541002 1.49998944877 0.723561615296 1.83518594371 0.981689602889 
0.0302113190634 0.933239968055 0.0252223024329 0.9334483038 0.0196952297892 0.888899177074 1.50010919746 0.750471648977 1.84849041813 0.983263695182 
0.030636834119 0.94552020278 0.025580909933 0.940948390606 0.0199805627171 0.90093635343 1.50022894614 0.775089989467 1.86179489254 0.984652600146 
0.0310623491745 0.955242537529 0.0259395174332 0.947441521314 0.0202658956451 0.911341566453 1.50034869482 0.798134237665 1.87509936696 0.986249840855 
0.0314878642301 0.963332908946 0.0262981249333 0.95282352805 0.020551228573 0.92036944872 1.5004684435 0.820148381347 1.88840384137 0.987441984282 
0.0319133792856 0.969941781734 0.0266567324334 0.957812011713 0.020836561501 0.9282630586 1.50058819218 0.841016678434 1.90170831579 0.988680424542 
0.0323388943412 0.975289065846 0.0270153399336 0.962291230223 0.021121894429 0.935612680702 1.50070794087 0.860125695899 1.9150127902 0.989907290594 
0.0327644093967 0.979467354946 0.0273739474337 0.966342203035 0.0214072273569 0.941932198289 1.50082768955 0.877533304784 1.92831726462 0.99075220778 
0.0331899244523 0.983321566222 0.0277325549338 0.970300582183 0.0216925602849 0.94758041181 1.50094743823 0.893702473408 1.94162173903 0.991666570215 
0.0336154395078 0.986342434519 0.0280911624339 0.973633954097 0.0219778932128 0.952615192305 1.50106718691 0.909316080047 1.95492621345 0.992650377898 
0.0340409545634 0.98874986979 0.0284497699341 0.976747416058 0.0222632261408 0.957105985023 1.50118693559 0.92296207132 1.96823068786 0.993391127212 
0.0344664696189 0.991087859813 0.0288083774342 0.979941897476 0.0225485590688 0.961099086795 1.50130668428 0.93486035718 1.98153516228 0.99416659915 
0.0348919846745 0.99281241681 0.0291669849343 0.982939617357 0.0228338919967 0.965022743319 1.50142643296 0.9454044607 1.99483963669 0.995023090545 
0.03531749973 0.994259192815 0.0295255924345 0.985578536789 0.0231192249247 0.968957974051 1.50154618164 0.954270304054 2.00814411111 0.995763839859 
0.0357430147855 0.995532355699 0.0298841999346 0.988124862556 0.0234045578526 0.972765888494 1.50166593032 0.96266160488 2.02144858552 0.996631905462 
0.0361685298411 0.996435143925 0.0302428074347 0.990312387875 0.0236898907806 0.975948795704 1.50178567901 0.969582981285 2.03475305994 0.997303209528 
0.0365940448966 0.997280061112 0.0306014149348 0.992210557993 0.0239752237086 0.978657160384 1.50190542769 0.97555527263 2.04805753435 0.997928216762 
0.0370195599522 0.997928216762 0.030960022435 0.993981411822 0.0242605566365 0.98144654452 1.50202517637 0.980728943622 2.06136200877 0.998391185083 
0.0374450750077 0.998321739835 0.0313186299351 0.995324019954 0.0245458895645 0.983911850832 1.50214492505 0.984756768018 2.07466648318 0.998738411324 
0.0378705900633 0.998622669244 0.0316772374352 0.996423569717 0.0248312224924 0.986874848089 1.50226467373 0.9880438431 2.0879709576 0.999085637565 
0.0382961051188 0.998854153405 0.0320358449353 0.997418951608 0.0251165554204 0.989201263904 1.50238442242 0.990798504612 2.10127543201 0.999398141182 
0.0387216201744 0.99923610227 0.0323944524355 0.99805553305 0.0254018883484 0.991631847591 1.5025041711 0.992916584683 2.11457990643 0.999525457471 
0.0391471352299 0.999421289598 0.0327530599356 0.998541649788 0.0256872212763 0.993680482413 1.50262391978 0.994594844848 2.12788438084 0.999687496383 
0.0395726502855 0.999537031679 0.0331116674357 0.998981469693 0.0259725542043 0.995196703666 1.50274366846 0.996076343476 2.14118885526 0.999826386879 
0.039998165341 0.999629625343 0.0334702749359 0.999247676478 0.0262578871322 0.996307827637 1.50286341714 0.997187467448 2.15449332967 0.999895832128 
0.0404236803965 0.999699070591 0.033828882436 0.999525457471 0.0265432200602 0.997256912696 1.50298316583 0.998009236218 2.16779780409 0.999930554752 
0.0408491954521 0.999791664255 0.0341874899361 0.999606476927 0.0268285529882 0.997974513594 1.50310291451 0.998437481915 2.1811022785 0.999930554752 
0.0412747105076 0.999861109504 0.0345460974362 0.999699070591 0.0271138859161 0.998622669244 1.50322266319 0.998888876029 2.19440675292 0.99994212896 
0.0417002255632 0.999895832128 0.0349047049364 0.999803238463 0.0273992188441 0.999131934397 1.50334241187 0.999166657021 2.20771122733 0.999965277376 
0.0421257406187 0.999918980544 0.0352633124365 0.999849535296 0.027684551772 0.999398141182 1.50346216055 0.999386566974 2.22101570175 0.999965277376 
0.0425512556743 0.99994212896 0.0356219199366 0.999907406336 0.0279698847 0.999525457471 1.50358190924 0.999629625343 2.23432017616 0.999965277376 
0.0429767707298 0.99994212896 0.0359805274367 0.999965277376 0.028255217628 0.999652773759 1.50370165792 0.999780090047 2.24762465058 0.999965277376 
0.0434022857854 0.99994212896 0.0363391349369 0.999976851584 0.0285405505559 0.999733793215 1.5038214066 0.999849535296 2.26092912499 0.999965277376 
0.0438278008409 0.99994212896 0.036697742437 0.999976851584 0.0288258834839 0.999791664255 1.50394115528 0.999907406336 2.27423359941 0.999976851584 
0.0442533158965 0.99994212896 0.0370563499371 0.999976851584 0.0291112164118 0.999872683712 1.50406090396 0.999953703168 2.28753807382 0.999976851584 
0.044678830952 0.999965277376 0.0374149574373 0.999988425792 0.0293965493398 0.999930554752 1.50418065265 0.999976851584 2.30084254824 0.999976851584 
0.0451043460076 0.999965277376 0.0377735649374 0.999988425792 0.0296818822678 0.999953703168 1.50430040133 0.999988425792 2.31414702265 0.999988425792 
0.0455298610631 0.999988425792 0.0381321724375 0.999988425792 0.0299672151957 0.999953703168 1.50442015001 0.999988425792 2.32745149707 0.999988425792 
0.0459553761186 0.999988425792 0.0384907799376 0.999988425792 0.0302525481237 0.999988425792 1.50453989869 0.999988425792 2.34075597148 0.999988425792 
0.0463808911742 1.0 0.0388493874378 1.0 0.0305378810516 1.0 1.50465964738 1.0 2.3540604459 1.0 
0.0468064062297 1 0.0392079949379 1 0.0308232139796 1 1.50477939606 1 2.36736492031 1 
