mlu_x mlu_y lu90_x lu90_y lu50_x lu50_y ahc_x ahc_y 
0.00382698792964 4.62968321393e-05 0.00302319135517 3.47226241044e-05 0.0020261562895 2.31484160696e-05 1.47836224079 1.15742080348e-05 1.02242412069 0.000740749314228 
0.00425548541664 6.94452482089e-05 0.00338122883055 8.10194562437e-05 0.00231483806441 9.25936642785e-05 1.47844777405 1.15742080348e-05 1.03643265033 0.00383106285952 
0.00468398290364 0.000104167872313 0.00373926630594 9.25936642785e-05 0.00260351983932 0.000115742080348 1.4785333073 2.31484160696e-05 1.05044117997 0.00931723746803 
0.00511248039063 0.000127316288383 0.00409730378133 0.000138890496418 0.00289220161422 0.000196761536592 1.47861884056 4.62968321393e-05 1.0644497096 0.0154515677265 
0.00554097787763 0.000173613120522 0.00445534125671 0.000185187328557 0.00318088338913 0.000219909952661 1.47870437381 5.78710401741e-05 1.07845823924 0.0231947129018 
0.00596947536463 0.000208335744627 0.0048133787321 0.000208335744627 0.00346956516404 0.000243058368731 1.47878990707 5.78710401741e-05 1.09246676888 0.0354517992106 
0.00639797285162 0.000266206784801 0.00517141620748 0.000231484160696 0.00375824693895 0.000300929408905 1.47887544032 0.000115742080348 1.10647529852 0.0604405143578 
0.00682647033862 0.00031250361694 0.00552945368287 0.00031250361694 0.00404692871385 0.000370374657114 1.47896097358 0.000127316288383 1.12048382816 0.0870727670459 
0.00725496782562 0.000381948865149 0.00588749115826 0.000370374657114 0.00433561048876 0.000416671489253 1.47904650683 0.000150464704453 1.1344923578 0.113658722902 
0.00768346531261 0.000428245697288 0.00624552863364 0.000439819905323 0.00462429226367 0.000462968321393 1.47913204009 0.000196761536592 1.14850088744 0.146807254714 
0.00811196279961 0.000474542529427 0.00660356610903 0.000486116737462 0.00491297403858 0.000532413569601 1.47921757335 0.00028935520087 1.16250941708 0.194273081864 
0.00854046028661 0.000578710401741 0.00696160358441 0.000555561985671 0.00520165581348 0.000567136193706 1.4793031066 0.000324077824975 1.17651794672 0.23853285339 
0.0089689577736 0.00062500723388 0.0073196410598 0.00062500723388 0.00549033758839 0.000613433025845 1.47938863986 0.000416671489253 1.19052647636 0.280651396428 
0.0093974552606 0.000717600898159 0.00767767853519 0.000706026690124 0.0057790193633 0.000740749314228 1.47947417311 0.000520839361567 1.204535006 0.335501568305 
0.0098259527476 0.000787046146367 0.00803571601057 0.000787046146367 0.00606770113821 0.000787046146367 1.47955970637 0.000613433025845 1.21854353564 0.398280072686 
0.0102544502346 0.000879639810646 0.00839375348596 0.000868065602611 0.00635638291311 0.000844917186542 1.47964523962 0.000787046146367 1.23255206528 0.45067651246 
0.0106829477216 0.000902788226716 0.00875179096134 0.000902788226716 0.00664506468802 0.00093751085082 1.47973077288 0.00111112397134 1.24656059491 0.494508038287 
0.0111114452086 0.000972233474924 0.00910982843673 0.00093751085082 0.00693374646293 0.000995381890994 1.47981630613 0.00149307283649 1.26056912455 0.529925114874 
0.0115399426956 0.00101853030706 0.00946786591211 0.00100695609903 0.00722242823783 0.00104167872313 1.47990183939 0.00192131853378 1.27457765419 0.559068970706 
0.0119684401826 0.00111112397134 0.0098259033875 0.00107640134724 0.00751111001274 0.00112269817938 1.47998737264 0.00244215789535 1.28858618383 0.584937325663 
0.0123969376696 0.00118056921955 0.0101839408629 0.00111112397134 0.00779979178765 0.00115742080348 1.4800729059 0.00321762983368 1.30259471347 0.60910427204 
0.0128254351566 0.00122686605169 0.0105419783383 0.00115742080348 0.00808847356256 0.00120371763562 1.48015843915 0.00396995335594 1.31660324311 0.630863783146 
0.0132539326436 0.00130788550793 0.0109000158137 0.00123844025973 0.00837715533746 0.00126158867579 1.48024397241 0.00526626465584 1.33061177275 0.652299216426 
0.0136824301306 0.00140047917221 0.011258053289 0.00135418234007 0.00866583711237 0.00134260813204 1.48032950567 0.00660887278788 1.34462030239 0.672820287272 
0.0141109276176 0.00148149862846 0.0116160907644 0.00142362758828 0.00895451888728 0.00143520179632 1.48041503892 0.00824083612079 1.35862883203 0.691778840033 
0.0145394251046 0.0015972407088 0.0119741282398 0.00150464704453 0.00924320066219 0.00148149862846 1.48050057218 0.010301045151 1.37263736167 0.710216553432 
0.0149679225916 0.00171298278915 0.0123321657152 0.00158566650077 0.00953188243709 0.0015625180847 1.48058610543 0.0127894998785 1.38664589131 0.727670459149 
0.0153964200786 0.00180557645343 0.0126902031906 0.00173613120522 0.009820564212 0.00163196333291 1.48067163869 0.0154168451024 1.40065442095 0.74544844269 
0.0158249175656 0.00199076378199 0.013048240666 0.00197918957395 0.0101092459869 0.00175927962129 1.48075717194 0.0186344749361 1.41466295058 0.762485676918 
0.0162534150525 0.00230326739893 0.0134062781414 0.00231484160696 0.0103979277618 0.00210650586234 1.4808427052 0.021944698434 1.42867148022 0.778180303013 
0.0166819125395 0.00290512621674 0.0137643156167 0.00280095834443 0.0106866095367 0.00266206784801 1.48092823845 0.0264933621917 1.44268000986 0.793469831827 
0.0171104100265 0.00395837914791 0.0141223530921 0.00378476602738 0.0109752913116 0.00341439137027 1.48101377171 0.0325350987859 1.4566885395 0.807324158844 
0.0175389075135 0.005983865554 0.0144803905675 0.00552089723261 0.0112639730865 0.0044213474693 1.48109930496 0.0387041516684 1.47069706914 0.820287271843 
0.0179674050005 0.0091436243475 0.0148384280429 0.00881954652253 0.0115526548614 0.00636581441915 1.48118483822 0.0453130244563 1.48470559878 0.833099920138 
0.0183959024875 0.014629798956 0.0151964655183 0.0134839523606 0.0118413366364 0.0093751085082 1.48127037147 0.05318348592 1.49871412842 0.844650979757 
0.0188243999745 0.0230789708214 0.0155545029937 0.0210997812475 0.0121300184113 0.0141668306346 1.48135590473 0.0622923876434 1.51272265806 0.855484438477 
0.0192528974615 0.0346994756884 0.0159125404691 0.0312272132779 0.0124187001862 0.0213659880323 1.48144143799 0.0727207490827 1.5267311877 0.865368812139 
0.0196813949485 0.0508107732728 0.0162705779444 0.0462389610991 0.0127073819611 0.0311346196137 1.48152697124 0.0846421833586 1.54073971734 0.875438373129 
0.0201098924355 0.0707762821329 0.0166286154198 0.065498443269 0.012996063736 0.0442366231091 1.4816125045 0.0977904836862 1.55474824698 0.884200048612 
0.0205383899225 0.0968761212514 0.0169866528952 0.0905681778724 0.0132847455109 0.0619104387782 1.48169803775 0.111656384912 1.56875677662 0.892938575678 
0.0209668874095 0.129075568004 0.0173446903706 0.121552332782 0.0135734272858 0.0850704290559 1.48178357101 0.126598687485 1.58276530625 0.901515063832 
0.0213953848965 0.166055162675 0.017702727846 0.158381462748 0.0138621090607 0.112813805715 1.48186910426 0.144075741617 1.59677383589 0.908992002222 
0.0218238823835 0.208798712948 0.0180607653214 0.200268521626 0.0141507908356 0.147432261947 1.48195463752 0.163069017003 1.61078236553 0.916341624324 
0.0222523798705 0.255026099839 0.0184188027968 0.247294528872 0.0144394726105 0.186772995058 1.48204017077 0.182536834917 1.62479089517 0.922429657751 
0.0226808773575 0.30514242063 0.0187768402721 0.299621523397 0.0147281543854 0.230720262966 1.48212570403 0.204446810727 1.63879942481 0.929223717867 
0.0231093748445 0.35779349298 0.0191348777475 0.353881410664 0.0150168361603 0.279713885577 1.48221123728 0.22751420734 1.65280795445 0.934987673468 
0.0235378723315 0.408592692045 0.0194929152229 0.411382076181 0.0153055179352 0.331439021285 1.48229677054 0.252850148729 1.66681648409 0.939848840843 
0.0239663698185 0.458292341347 0.0198509526983 0.469739233093 0.0155941997101 0.384923436614 1.4823823038 0.277630528131 1.68082501373 0.945057234459 
0.0243948673055 0.507887822776 0.0202089901737 0.526267665135 0.0158828814851 0.440086112108 1.48246783705 0.304471116564 1.69483354337 0.9495827498 
0.0248233647925 0.554786513733 0.0205670276491 0.580076158289 0.01617156326 0.493755714765 1.48255337031 0.33235338372 1.70884207301 0.954038819894 
0.0252518622795 0.598583316937 0.0209250651245 0.630528131113 0.0164602450349 0.544508616998 1.48263890356 0.362133820993 1.72285060265 0.957696269633 
0.0256803597665 0.63908147085 0.0212831025998 0.676338846514 0.0167489268098 0.592414264054 1.48272443682 0.391497586778 1.73685913229 0.961295848332 
0.0261088572535 0.676616627507 0.0216411400752 0.716559219435 0.0170376085847 0.636500422459 1.48280997007 0.422331276982 1.75086766192 0.964617646038 
0.0265373547405 0.712299910879 0.0219991775506 0.752798064792 0.0173262903596 0.67760043519 1.48289550333 0.454877949976 1.76487619156 0.967522772254 
0.0269658522275 0.744198428223 0.022357215026 0.784708156344 0.0176149721345 0.713966596836 1.48298103658 0.486047292214 1.7788847212 0.970404750055 
0.0273943497145 0.77378210396 0.0227152525014 0.812254771467 0.0179036539094 0.746883644487 1.48306656984 0.518709707288 1.79289325084 0.973020521071 
0.0278228472015 0.802185210477 0.0230732899768 0.835935601106 0.0181923356843 0.775703422493 1.48315210309 0.549659139573 1.80690178048 0.975485827382 
0.0282513446885 0.82855125638 0.0234313274522 0.85688491765 0.0184810174592 0.801432886955 1.48323763635 0.580296068242 1.82091031012 0.977661778493 
0.0286798421755 0.854060810889 0.0237893649275 0.874385120198 0.0187696992341 0.824396115696 1.4833231696 0.611789488304 1.83491883976 0.979606245443 
0.0291083396625 0.876456903436 0.0241474024029 0.889385293811 0.019058381009 0.844049120939 1.48340870286 0.641870854987 1.8489273694 0.981527563976 
0.0295368371494 0.896711767497 0.0245054398783 0.903066007708 0.0193470627839 0.860912742046 1.48349423612 0.671454530724 1.86293589904 0.983228972558 
0.0299653346364 0.914235118462 0.0248634773537 0.914999016192 0.0196357445589 0.87620227086 1.48357976937 0.700343753979 1.87694442868 0.984884084307 
0.0303938321234 0.929235292075 0.0252215148291 0.924570886237 0.0199244263338 0.889304274355 1.48366530263 0.729175106193 1.89095295832 0.986620215512 
0.0308223296104 0.94210581141 0.0255795523045 0.932522367157 0.0202131081087 0.90105209551 1.48375083588 0.754256415005 1.90496148796 0.98798597206 
0.0312508270974 0.952406856561 0.0259375897799 0.939999305548 0.0205017898836 0.91148045695 1.48383636914 0.779407169064 1.9189700176 0.989085521823 
0.0316793245844 0.961411590412 0.0262956272553 0.946515584671 0.0207904716585 0.920288429264 1.48392190239 0.803041701872 1.93297854723 0.990092477922 
0.0321078220714 0.968390837857 0.0266536647306 0.952105927152 0.0210791534334 0.927973703399 1.48400743565 0.824616025648 1.94698707687 0.991018414565 
0.0325363195584 0.974131645042 0.027011702206 0.957105985023 0.0213678352083 0.934837208764 1.4840929689 0.845148670702 1.96099560651 0.99204851908 
0.0329648170454 0.979004386625 0.0273697396814 0.961619926157 0.0216565169832 0.941388210512 1.48417850216 0.863320177317 1.97500413615 0.992986029931 
0.0333933145324 0.982939617357 0.0277277771568 0.965994976794 0.0219451987581 0.947071146657 1.48426403541 0.880496302041 1.98901266579 0.994016134446 
0.0338218120194 0.986284563479 0.0280858146322 0.969907059109 0.022233880533 0.951897591407 1.48434956867 0.896503431753 2.00302119543 0.994768457968 
0.0342503095064 0.989039224991 0.0284438521076 0.973147837359 0.0225225623079 0.956504126205 1.48443510192 0.911133230709 2.01702972507 0.995532355699 
0.0346788069934 0.99122675031 0.028801889583 0.976319170361 0.0228112440828 0.960381485897 1.48452063518 0.923992175835 2.03103825471 0.996365698677 
0.0351073044804 0.993078623595 0.0291599270583 0.979606245443 0.0230999258577 0.964166251924 1.48460616844 0.935751571199 2.04504678435 0.996909686455 
0.0355358019674 0.99458327064 0.0295179645337 0.982511371659 0.0233886076326 0.967939443744 1.48469170169 0.945879003229 2.05905531399 0.997418951608 
0.0359642994544 0.995972175604 0.0298760020091 0.985196587923 0.0236772894076 0.971631616107 1.48477723495 0.955068924409 2.07306384363 0.99788191993 
0.0363927969414 0.996886538039 0.0302340394845 0.987546152155 0.0239659711825 0.975092304309 1.4848627682 0.963448651026 2.08707237327 0.998240720379 
0.0368212944284 0.997442100024 0.0305920769599 0.989976735842 0.0242546529574 0.977951133694 1.48494830146 0.969988078566 2.1010809029 0.998622669244 
0.0372497919154 0.998067107258 0.0309501144353 0.992083241704 0.0245433347323 0.980416440005 1.48503383471 0.976052963576 2.11508943254 0.998888876029 
0.0376782894024 0.998449056123 0.0313081519107 0.993865669742 0.0248320165072 0.982974339981 1.48511936797 0.980937279367 2.12909796218 0.999143508605 
0.0381067868894 0.998749985532 0.031666189386 0.995092535793 0.0251206982821 0.985601685205 1.48520490122 0.984953529555 2.14310649182 0.999317121726 
0.0385352843764 0.999166657021 0.0320242268614 0.996446718133 0.025409380057 0.988425791965 1.48529043448 0.988310049885 2.15711502146 0.999560180095 
0.0389637818634 0.999374992766 0.0323822643368 0.997361080568 0.0256980618319 0.990775356196 1.48537596773 0.990763781988 2.1711235511 0.999675922175 
0.0393922793504 0.999479160638 0.0327403018122 0.998020810426 0.0259867436068 0.99269667473 1.48546150099 0.99275454577 2.18513208074 0.999768515839 
0.0398207768374 0.999571754303 0.0330983392876 0.998472204539 0.0262754253817 0.99458327064 1.48554703424 0.994594844848 2.19914061038 0.999826386879 
0.0402492743244 0.999664347967 0.033456376763 0.998923598653 0.0265641071566 0.995752265651 1.4856325675 0.9961110661 2.21314914002 0.999895832128 
0.0406777718114 0.999756941631 0.0338144142384 0.99929397331 0.0268527889315 0.996793944374 1.48571810076 0.997083299575 2.22715766966 0.999895832128 
0.0411062692984 0.999837961088 0.0341724517137 0.999479160638 0.0271414707064 0.997592564729 1.48580363401 0.997766177849 2.2411661993 0.999918980544 
0.0415347667854 0.999872683712 0.0345304891891 0.999618051135 0.0274301524813 0.998368036667 1.48588916727 0.998402759291 2.25517472894 0.99994212896 
0.0419632642724 0.999918980544 0.0348885266645 0.999687496383 0.0277188342563 0.998912024445 1.48597470052 0.998854153405 2.26918325857 0.99994212896 
0.0423917617594 0.999930554752 0.0352465641399 0.999791664255 0.0280075160312 0.999247676478 1.48606023378 0.999189805438 2.28319178821 0.999953703168 
0.0428202592463 0.99994212896 0.0356046016153 0.999872683712 0.0282961978061 0.999421289598 1.48614576703 0.999432863806 2.29720031785 0.999976851584 
0.0432487567333 0.99994212896 0.0359626390907 0.999907406336 0.028584879581 0.999571754303 1.48623130029 0.999571754303 2.31120884749 0.999976851584 
0.0436772542203 0.99994212896 0.0363206765661 0.999930554752 0.0288735613559 0.999687496383 1.48631683354 0.999722219007 2.32521737713 0.999976851584 
0.0441057517073 0.999965277376 0.0366787140414 0.999953703168 0.0291622431308 0.999780090047 1.4864023668 0.999849535296 2.33922590677 0.999976851584 
0.0445342491943 0.999976851584 0.0370367515168 0.999976851584 0.0294509249057 0.999872683712 1.48648790005 0.999930554752 2.35323443641 0.999988425792 
0.0449627466813 0.999988425792 0.0373947889922 0.999988425792 0.0297396066806 0.999930554752 1.48657343331 0.999953703168 2.36724296605 0.999988425792 
0.0453912441683 0.999988425792 0.0377528264676 0.999988425792 0.0300282884555 0.999953703168 1.48665896656 0.999965277376 2.38125149569 0.999988425792 
0.0458197416553 0.999988425792 0.038110863943 0.999988425792 0.0303169702304 0.999953703168 1.48674449982 0.999976851584 2.39526002533 0.999988425792 
0.0462482391423 0.999988425792 0.0384689014184 0.999988425792 0.0306056520053 0.999976851584 1.48683003308 0.999988425792 2.40926855497 0.999988425792 
0.0466767366293 1.0 0.0388269388938 1.0 0.0308943337802 1.0 1.48691556633 1.0 2.42327708461 1.0 
0.0471052341163 1 0.0391849763691 1 0.0311830155551 1 1.48700109959 1 2.43728561424 1 
