mlu_x mlu_y lu90_x lu90_y lu50_x lu50_y ahc_x ahc_y competitive_ratio_x competitive_ratio_y 
0.00451369537041 0.999953703168 0.00347002525814 0.999965277376 0.00226920261048 0.999953703168 1.80413908482 0.999988425792 1.80413908482 0.999988425792 
0.00501389272216 0.999930554752 0.00389247056613 0.999918980544 0.00260337253129 0.99988425792 1.80415438846 0.999988425792 1.80415438846 0.999988425792 
0.00551409007391 0.999895832128 0.00431491587412 0.999907406336 0.0029375424521 0.999814812671 1.8041696921 0.999988425792 1.8041696921 0.999988425792 
0.00601428742567 0.999872683712 0.00473736118212 0.999849535296 0.00327171237291 0.999803238463 1.80418499574 0.999988425792 1.80418499574 0.999988425792 
0.00651448477742 0.999814812671 0.00515980649011 0.999803238463 0.00360588229372 0.999745367423 1.80420029938 0.999988425792 1.80420029938 0.999988425792 
0.00701468212917 0.999814812671 0.0055822517981 0.999791664255 0.00394005221453 0.999710644799 1.80421560302 0.999988425792 1.80421560302 0.999988425792 
0.00751487948093 0.999745367423 0.0060046971061 0.999756941631 0.00427422213534 0.999652773759 1.80423090666 0.999965277376 1.80423090666 0.999965277376 
0.00801507683268 0.999675922175 0.00642714241409 0.999664347967 0.00460839205615 0.999571754303 1.8042462103 0.999953703168 1.8042462103 0.999953703168 
0.00851527418443 0.999629625343 0.00684958772208 0.999606476927 0.00494256197696 0.999537031679 1.80426151394 0.999872683712 1.80426151394 0.999872683712 
0.00901547153619 0.999560180095 0.00727203303008 0.999571754303 0.00527673189777 0.999479160638 1.80427681758 0.999803238463 1.80427681758 0.999803238463 
0.00951566888794 0.999513883263 0.00769447833807 0.999513883263 0.00561090181858 0.999456012222 1.80429212122 0.999710644799 1.80429212122 0.999710644799 
0.0100158662397 0.999398141182 0.00811692364606 0.999432863806 0.00594507173939 0.99935184435 1.80430742486 0.999606476927 1.80430742486 0.999606476927 
0.0105160635914 0.999340270142 0.00853936895405 0.999363418558 0.0062792416602 0.999270824894 1.8043227285 0.999490734846 1.8043227285 0.999490734846 
0.0110162609432 0.999282399102 0.00896181426205 0.99923610227 0.00661341158101 0.999189805438 1.80433803214 0.999155082813 1.80433803214 0.999155082813 
0.011516458295 0.999212953854 0.00938425957004 0.99917823123 0.00694758150183 0.999155082813 1.80435333578 0.998842579197 1.80435333578 0.998842579197 
0.0120166556467 0.999155082813 0.00980670487803 0.999131934397 0.00728175142264 0.999074063357 1.80436863942 0.998437481915 1.80436863942 0.998437481915 
0.0125168529985 0.999085637565 0.010229150186 0.999097211773 0.00761592134345 0.999016192317 1.80438394306 0.998020810426 1.80438394306 0.998020810426 
0.0130170503502 0.999062489149 0.010651595494 0.999039340733 0.00795009126426 0.998958321277 1.8043992467 0.99723376428 1.8043992467 0.99723376428 
0.013517247702 0.998969895485 0.011074040802 0.999016192317 0.00828426118507 0.998888876029 1.80441455034 0.996284679221 1.80441455034 0.996284679221 
0.0140174450537 0.998912024445 0.01149648611 0.998912024445 0.00861843110588 0.998831004988 1.80442985398 0.994895774257 1.80442985398 0.994895774257 
0.0145176424055 0.998865727613 0.011918931418 0.998842579197 0.00895260102669 0.998773133948 1.80444515762 0.993391127212 1.80444515762 0.993391127212 
0.0150178397572 0.998773133948 0.012341376726 0.998807856572 0.0092867709475 0.9987036887 1.80446046126 0.991203601894 1.80446046126 0.991203601894 
0.015518037109 0.998680540284 0.012763822034 0.9987036887 0.00962094086831 0.998657391868 1.8044757649 0.98880774083 1.8044757649 0.98880774083 
0.0160182344607 0.998564798204 0.013186267342 0.998622669244 0.00995511078912 0.998564798204 1.80449106854 0.985462794708 1.80449106854 0.985462794708 
0.0165184318125 0.998437481915 0.01360871265 0.998553223996 0.0102892807099 0.998472204539 1.80450637218 0.981365525064 1.80450637218 0.981365525064 
0.0170186291642 0.998333314043 0.014031157958 0.998495352955 0.0106234506307 0.998379610875 1.80452167582 0.976515931897 1.80452167582 0.976515931897 
0.017518826516 0.998252294587 0.014453603266 0.998379610875 0.0109576205516 0.998287017211 1.80453697946 0.970659382632 1.80453697946 0.970659382632 
0.0180190238677 0.99805553305 0.0148760485739 0.998136552506 0.0112917904724 0.998032384634 1.8045522831 0.963923193555 1.8045522831 0.963923193555 
0.0185192212195 0.997824048889 0.0152984938819 0.997905068346 0.0116259603932 0.997650435769 1.80456758674 0.955682357435 1.80456758674 0.955682357435 
0.0190194185713 0.997337932152 0.0157209391899 0.997152744823 0.011960130314 0.997060151159 1.80458289038 0.946214655262 1.80458289038 0.946214655262 
0.019519615923 0.996504589173 0.0161433844979 0.996435143925 0.0122943002348 0.996041620852 1.80459819402 0.935022396093 1.80459819402 0.935022396093 
0.0200198132748 0.994791606384 0.0165658298059 0.994837903216 0.0126284701556 0.994617993264 1.80461349766 0.921110198035 1.80461349766 0.921110198035 
0.0205200106265 0.991793886503 0.0169882751139 0.991851757543 0.0129626400764 0.991817034919 1.8046288013 0.907290593641 1.8046288013 0.907290593641 
0.0210202079783 0.98733781641 0.0174107204219 0.987731339483 0.0132968099972 0.987777636315 1.80464410494 0.890068172085 1.80464410494 0.890068172085 
0.02152040533 0.980184955844 0.0178331657299 0.980532182085 0.013630979918 0.981307654024 1.80465940858 0.871109619324 1.80465940858 0.871109619324 
0.0220206026818 0.969455664996 0.0182556110379 0.970867718376 0.0139651498388 0.971596893483 1.80467471222 0.849998263869 1.80467471222 0.849998263869 
0.0225208000335 0.953934652021 0.0186780563459 0.957140707647 0.0142993197597 0.959455549254 1.80469001586 0.827926249146 1.80469001586 0.827926249146 
0.0230209973853 0.934003865785 0.0191005016539 0.939351149898 0.0146334896805 0.942672947604 1.8047053195 0.8019305779 1.8047053195 0.8019305779 
0.023521194737 0.907927175083 0.0195229469619 0.915728191299 0.0149676596013 0.921168069075 1.80472062314 0.774499704858 1.80472062314 0.774499704858 
0.0240213920888 0.87643375502 0.0199453922699 0.886457019178 0.0153018295221 0.893957105985 1.80473592678 0.744591951296 1.80473592678 0.744591951296 
0.0245215894405 0.840056019167 0.0203678375779 0.850299193278 0.0156359994429 0.860334031644 1.80475123042 0.713792983715 1.80475123042 0.713792983715 
0.0250217867923 0.797694417759 0.0207902828858 0.808678341185 0.0159701693637 0.820738665957 1.80476653406 0.681998634243 1.80476653406 0.681998634243 
0.025521984144 0.750818875218 0.0212127281938 0.761571314483 0.0163043392845 0.776154816607 1.8047818377 0.648792231392 1.8047818377 0.648792231392 
0.0260221814958 0.700876167548 0.0216351735018 0.709105429461 0.0166385092053 0.726929709835 1.80479714134 0.614960821306 1.80479714134 0.614960821306 
0.0265223788476 0.647368603803 0.0220576188098 0.653294598317 0.0169726791261 0.675320316207 1.80481244498 0.580446532946 1.80481244498 0.580446532946 
0.0270225761993 0.590469797104 0.0224800641178 0.59508790611 0.017306849047 0.619555781896 1.80482774862 0.544080371301 1.80482774862 0.544080371301 
0.0275227735511 0.533432099909 0.0229025094258 0.538455306196 0.0176410189678 0.56310836931 1.80484305226 0.507540596535 1.80484305226 0.507540596535 
0.0280229709028 0.476544867417 0.0233249547338 0.483176888621 0.0179751888886 0.509114688827 1.8048583559 0.471660551627 1.8048583559 0.471660551627 
0.0285231682546 0.420201622704 0.0237474000418 0.43094248776 0.0183093588094 0.457690482529 1.80487365954 0.436671720738 1.80487365954 0.436671720738 
0.0290233656063 0.368198706004 0.0241698453498 0.381937290941 0.0186435287302 0.408395930508 1.80488896318 0.401694464056 1.80488896318 0.401694464056 
0.0295235629581 0.319575458049 0.0245922906578 0.336809453813 0.018977698651 0.364610701513 1.80490426682 0.367272769361 1.80490426682 0.367272769361 
0.0300237603098 0.275246241276 0.0250147359658 0.295570550585 0.0193118685718 0.324251438095 1.80491957046 0.334818690031 1.80491957046 0.334818690031 
0.0305239576616 0.236634683272 0.0254371812738 0.259354853644 0.0196460384926 0.287989444322 1.8049348741 0.304401671316 1.8049348741 0.304401671316 
0.0310241550133 0.203393557796 0.0258596265818 0.227224852139 0.0199802084134 0.255871017026 1.80495017774 0.275350409148 1.80495017774 0.275350409148 
0.0315243523651 0.173589972106 0.0262820718898 0.198729151958 0.0203143783342 0.227051239019 1.80496548138 0.247086193127 1.80496548138 0.247086193127 
0.0320245497168 0.148265604926 0.0267045171977 0.174064514636 0.0206485482551 0.201043993565 1.80498078502 0.221680806491 1.80498078502 0.221680806491 
0.0325247470686 0.127582495168 0.0271269625057 0.152698526603 0.0209827181759 0.179006701466 1.80499608866 0.197780066899 1.80499608866 0.197780066899 
0.0330249444204 0.10978136321 0.0275494078137 0.133682102802 0.0213168880967 0.159226379935 1.8050113923 0.175708052177 1.8050113923 0.175708052177 
0.0335251417721 0.0945728538525 0.0279718531217 0.118080070371 0.0216510580175 0.141598861098 1.80502669594 0.156217085846 1.80502669594 0.156217085846 
0.0340253391239 0.0816444634776 0.0283942984297 0.103855368696 0.0219852279383 0.126888042686 1.80504199958 0.138381231264 1.80504199958 0.138381231264 
0.0345255364756 0.0703133138115 0.0288167437377 0.0918992117964 0.0223193978591 0.113600851862 1.80505730322 0.12221206264 1.80505730322 0.12221206264 
0.0350257338274 0.0604057917337 0.0292391890457 0.081459276149 0.0226535677799 0.101876179122 1.80507260686 0.107107721154 1.80507260686 0.107107721154 
0.0355259311791 0.0530793180477 0.0296616343537 0.0728943622033 0.0229877377007 0.091748747092 1.8050879105 0.0943413696918 1.8050879105 0.0943413696918 
0.0360261285309 0.0462968321393 0.0300840796617 0.0650123265316 0.0233219076215 0.0826166969525 1.80510321414 0.0827208648248 1.80510321414 0.0827208648248 
0.0365263258826 0.0403476892094 0.0305065249697 0.0584034537437 0.0236560775424 0.0740054861746 1.80511851778 0.072489264922 1.80511851778 0.072489264922 
0.0370265232344 0.0351624440098 0.0309289702777 0.0522575492772 0.0239902474632 0.0670609613537 1.80513382142 0.0636234215674 1.80513382142 0.0636234215674 
0.0375267205861 0.030266554011 0.0313514155857 0.047199620366 0.024324417384 0.0606604243105 1.80514912506 0.055509901735 1.80514912506 0.055509901735 
0.0380269179379 0.0261114133265 0.0317738608937 0.042546788736 0.0246585873048 0.0550469334136 1.8051644287 0.048542228498 1.8051644287 0.048542228498 
0.0385271152896 0.0221993310108 0.0321963062017 0.0380212733944 0.0249927572256 0.0497112235095 1.80517973234 0.0424078982396 1.80517973234 0.0424078982396 
0.0390273126414 0.018958552761 0.0326187515096 0.0342249331589 0.0253269271464 0.0448269077188 1.80519503598 0.0369332978391 1.80519503598 0.0369332978391 
0.0395275099931 0.0159955555041 0.0330411968176 0.0303244250512 0.0256610970672 0.0405213023299 1.80521033962 0.0320258336323 1.80521033962 0.0320258336323 
0.0400277073449 0.0130557066633 0.0334636421256 0.0268405884327 0.025995266988 0.0366670910543 1.80522564326 0.0277433766595 1.80522564326 0.0277433766595 
0.0405279046967 0.0104399356474 0.0338860874336 0.0237039780553 0.0263294369088 0.0324309309136 1.8052409469 0.0242942626651 1.8052409469 0.0242942626651 
0.0410281020484 0.00848389448952 0.0343085327416 0.0206946839662 0.0266636068296 0.0286577390942 1.80525625054 0.0214122848644 1.80525625054 0.0214122848644 
0.0415282994002 0.00685193115661 0.0347309780496 0.0178937256218 0.0269977767505 0.0251044572275 1.80527155418 0.0182293776548 1.80527155418 0.0182293776548 
0.0420284967519 0.00530098727995 0.0351534233576 0.0151622125256 0.0273319466713 0.021944698434 1.80528685782 0.0157872197595 1.80528685782 0.0157872197595 
0.0425286941037 0.00395837914791 0.0355758686656 0.0123959768053 0.0276661165921 0.0191205916735 1.80530216146 0.0137270107293 1.80530216146 0.0137270107293 
0.0430288914554 0.00305559092119 0.0359983139736 0.0101968772787 0.0280002865129 0.016296484913 1.8053174651 0.0117941179875 1.8053174651 0.0117941179875 
0.0435290888072 0.00238428685517 0.0364207592816 0.00819453928865 0.0283344564337 0.0138543270177 1.80533276874 0.0102315999028 1.80533276874 0.0102315999028 
0.0440292861589 0.00187502170164 0.0368432045896 0.00626164654684 0.0286686263545 0.0115047627866 1.80534807238 0.00862278498594 1.80534807238 0.00862278498594 
0.0445294835107 0.00145835021239 0.0372656498976 0.00469912846213 0.0290027962753 0.00930566325999 1.80536337602 0.00730332526997 1.80536337602 0.00730332526997 
0.0450296808624 0.00112269817938 0.0376880952056 0.00350698503455 0.0293369661961 0.00739591893425 1.80537867966 0.0060185881781 1.80537867966 0.0060185881781 
0.0455298782142 0.000821768770472 0.0381105405136 0.0026273452239 0.0296711361169 0.00590284609776 1.8053939833 0.00513894836746 1.8053939833 0.00513894836746 
0.0460300755659 0.00060185881781 0.0385329858216 0.00207178323823 0.0300053060378 0.0044213474693 1.80540928694 0.00420143751664 1.80540928694 0.00420143751664 
0.0465302729177 0.000497690945497 0.0389554311295 0.00137733075614 0.0303394759586 0.00328707508189 1.80542459058 0.00337966874617 1.80542459058 0.00337966874617 
0.0470304702694 0.000347226241044 0.0393778764375 0.000995381890994 0.0306736458794 0.00237271264714 1.80543989422 0.00261577101587 1.80543989422 0.00261577101587 
0.0475306676212 0.000277780992836 0.0398003217455 0.000694452482089 0.0310078158002 0.0017940022454 1.80545519786 0.00204863482216 1.80545519786 0.00204863482216 
0.048030864973 0.000196761536592 0.0402227670535 0.000462968321393 0.031341985721 0.00126158867579 1.8054705015 0.00151622125256 1.8054705015 0.00151622125256 
0.0485310623247 0.000115742080348 0.0406452123615 0.00031250361694 0.0316761556418 0.00091436243475 1.80548580514 0.00122686605169 1.80548580514 0.00122686605169 
0.0490312596765 8.10194562437e-05 0.0410676576695 0.000277780992836 0.0320103255626 0.000590284609776 1.80550110878 0.000995381890994 1.80550110878 0.000995381890994 
0.0495314570282 5.78710401741e-05 0.0414901029775 0.000231484160696 0.0323444954834 0.000428245697288 1.80551641242 0.000706026690124 1.80551641242 0.000706026690124 
0.05003165438 5.78710401741e-05 0.0419125482855 0.000104167872313 0.0326786654042 0.000277780992836 1.80553171606 0.000462968321393 1.80553171606 0.000462968321393 
0.0505318517317 5.78710401741e-05 0.0423349935935 9.25936642785e-05 0.033012835325 0.000243058368731 1.8055470197 0.000324077824975 1.8055470197 0.000324077824975 
0.0510320490835 5.78710401741e-05 0.0427574389015 4.62968321393e-05 0.0333470052459 0.000162038912487 1.80556232334 0.000219909952662 1.80556232334 0.000219909952662 
0.0515322464352 4.62968321393e-05 0.0431798842095 2.31484160697e-05 0.0336811751667 9.25936642785e-05 1.80557762698 0.000150464704453 1.80557762698 0.000150464704453 
0.052032443787 3.47226241044e-05 0.0436023295175 1.15742080348e-05 0.0340153450875 4.62968321393e-05 1.80559293062 8.10194562437e-05 1.80559293062 8.10194562437e-05 
0.0525326411387 2.31484160697e-05 0.0440247748255 1.15742080348e-05 0.0343495150083 2.31484160697e-05 1.80560823426 4.62968321393e-05 1.80560823426 4.62968321393e-05 
0.0530328384905 1.15742080348e-05 0.0444472201335 1.15742080348e-05 0.0346836849291 2.31484160697e-05 1.8056235379 2.31484160697e-05 1.8056235379 2.31484160697e-05 
0.0535330358422 1.15742080348e-05 0.0448696654414 1.15742080348e-05 0.0350178548499 1.15742080348e-05 1.80563884154 2.31484160697e-05 1.80563884154 2.31484160697e-05 
0.054033233194 1.15742080348e-05 0.0452921107494 1.15742080348e-05 0.0353520247707 1.15742080348e-05 1.80565414518 2.31484160697e-05 1.80565414518 2.31484160697e-05 
0.0545334305457 0.0 0.0457145560574 0.0 0.0356861946915 0.0 1.80566944882 0.0 1.80566944882 0.0 
0.0550336278975 0.0 0.0461370013654 0.0 0.0360203646123 0.0 1.80568475246 0.0 1.80568475246 0.0 
