mlu_x mlu_y lu90_x lu90_y lu50_x lu50_y ahc_x ahc_y competitive_ratio_x competitive_ratio_y 
0.00451369537041 3.47226241044e-05 0.00347002525814 2.31484160696e-05 0.00226920261048 4.62968321393e-05 1.75413908482 0.0 1.21430520857 0.000138890496418 
0.00501889469568 5.78710401741e-05 0.00389669501921 6.94452482089e-05 0.0026067142305 0.000104167872313 1.75415454149 0.0 1.22474648269 0.00140047917221 
0.00552409402095 9.25936642785e-05 0.00432336478028 8.10194562437e-05 0.00294422585052 0.000173613120522 1.75416999817 0.0 1.23518775681 0.00402782439612 
0.00602929334622 0.000115742080348 0.00475003454136 0.000138890496418 0.00328173747053 0.000185187328557 1.75418545485 0.0 1.24562903093 0.008310281369 
0.00653449267149 0.000173613120522 0.00517670430243 0.000185187328557 0.00361924909055 0.000243058368731 1.75420091152 0.0 1.25607030505 0.0124306994294 
0.00703969199676 0.000185187328557 0.0056033740635 0.000196761536592 0.00395676071057 0.000277780992836 1.7542163682 0.0 1.26651157917 0.0158913876318 
0.00754489132203 0.000254632576766 0.00603004382458 0.000231484160696 0.00429427233059 0.000358800449079 1.75423182487 2.31484160696e-05 1.27695285329 0.0196761536592 
0.0080500906473 0.00031250361694 0.00645671358565 0.000324077824975 0.00463178395061 0.000416671489253 1.75424728155 3.47226241044e-05 1.28739412741 0.0241553721687 
0.00855528997257 0.000370374657114 0.00688338334672 0.000381948865149 0.00496929557063 0.000451394113358 1.75426273823 0.000115742080348 1.29783540153 0.0296762694013 
0.00906048929784 0.000428245697288 0.00731005310779 0.000428245697288 0.00530680719065 0.000509265153532 1.7542781949 0.000185187328557 1.30827667565 0.0361809743168 
0.00956568862312 0.000497690945497 0.00773672286887 0.000486116737462 0.00564431881066 0.000543987777636 1.75429365158 0.000277780992836 1.31871794977 0.0471648977419 
0.0100708879484 0.00060185881781 0.00816339262994 0.000567136193706 0.00598183043068 0.00064815564995 1.75430910826 0.000381948865149 1.32915922389 0.0642600030093 
0.0105760872737 0.000659729857984 0.00859006239101 0.00062500723388 0.0063193420507 0.000729175106193 1.75432456493 0.000532413569601 1.339600498 0.0863898887719 
0.0110812865989 0.000717600898159 0.00901673215209 0.000752323522263 0.00665685367072 0.000798620354402 1.75434002161 0.000856491394576 1.35004177212 0.108843852359 
0.0115864859242 0.000798620354402 0.00944340191316 0.000821768770472 0.00699436529074 0.000844917186542 1.75435547829 0.00121529184366 1.36048304624 0.129191310085 
0.0120916852495 0.000833342978507 0.00987007167423 0.000856491394576 0.00733187691076 0.00093751085082 1.75437093496 0.00160881491684 1.37092432036 0.148173011262 
0.0125968845747 0.000902788226716 0.0102967414353 0.00091436243475 0.00766938853078 0.00100695609903 1.75438639164 0.00207178323823 1.38136559448 0.169006585724 
0.0131020839 0.00093751085082 0.0107234111964 0.000949085058855 0.00800690015079 0.00105325293117 1.75440184832 0.00295142304888 1.3918068686 0.196425884559 
0.0136072832253 0.00104167872313 0.0111500809574 0.000995381890994 0.00834441177081 0.00112269817938 1.75441730499 0.00394680493987 1.40224814272 0.235963379206 
0.0141124825506 0.00108797555527 0.0115767507185 0.00109954976331 0.00868192339083 0.00118056921955 1.75443276167 0.00537043252815 1.41268941684 0.273324922742 
0.0146176818758 0.00112269817938 0.0120034204796 0.00116899501152 0.00901943501085 0.00121529184366 1.75444821835 0.00695609902892 1.42313069096 0.30714475862 
0.0151228812011 0.00123844025973 0.0124300902407 0.00120371763562 0.00935694663087 0.00130788550793 1.75446367502 0.00924779221982 1.43357196508 0.342804893575 
0.0156280805264 0.001331033924 0.0128567600017 0.0012963112999 0.00969445825089 0.00135418234007 1.7544791317 0.011979305316 1.4440132392 0.38023588236 
0.0161332798516 0.00145835021239 0.0132834297628 0.00138890496418 0.0100319698709 0.00144677600435 1.75449458838 0.0153589740622 1.45445451332 0.417470109608 
0.0166384791769 0.0015625180847 0.0137100995239 0.00144677600435 0.0103694814909 0.00153936966863 1.75451004505 0.0197687473235 1.46489578744 0.456486764893 
0.0171436785022 0.00167826016505 0.014136769285 0.00151622125256 0.0107069931109 0.00162038912487 1.75452550173 0.0251160314355 1.47533706156 0.495607588051 
0.0176488778275 0.0017940022454 0.014563439046 0.00167826016505 0.011044504731 0.00178242803736 1.7545409584 0.0309610064931 1.48577833568 0.533825622982 
0.0181540771527 0.00196761536592 0.0149901088071 0.00189817011771 0.011382016351 0.00202548640609 1.75455641508 0.0381833123069 1.4962196098 0.57105985023 
0.018659276478 0.00229169319089 0.0154167785682 0.00234956423107 0.011719527971 0.00254632576766 1.75457187176 0.0468986909571 1.50666088392 0.606349610528 
0.0191644758033 0.00284725517656 0.0158434483293 0.00305559092119 0.012057039591 0.00318290720957 1.75458732843 0.0566557483304 1.51710215804 0.639579161796 
0.0196696751285 0.00391208231577 0.0162701180903 0.00398152756398 0.012394551211 0.00434032801306 1.75460278511 0.0689359830554 1.52754343216 0.670007754719 
0.0201748744538 0.00600701397007 0.0166967878514 0.00582182664151 0.0127320628311 0.00616905288256 1.75461824179 0.0830333684418 1.53798470628 0.699440965752 
0.0206800737791 0.00944455375641 0.0171234576125 0.00921306959571 0.0130695744511 0.00935196009213 1.75463369846 0.09841549092 1.5484259804 0.725714417991 
0.0211852731043 0.0147802636605 0.0175501273735 0.0144561858355 0.0134070860711 0.0140510885543 1.75464915514 0.115996712925 1.55886725452 0.7499276612 
0.0216904724296 0.0230558224054 0.0179767971346 0.0227317445804 0.0137445976911 0.0217016400653 1.75466461182 0.136158983322 1.56930852864 0.773064503061 
0.0221956717549 0.0355443928749 0.0184034668957 0.0336462227572 0.0140821093111 0.0325235245778 1.75468006849 0.157883771803 1.57974980276 0.792995289297 
0.0227008710802 0.052870982303 0.0188301366568 0.0487274158266 0.0144196209311 0.0460074769384 1.75469552517 0.181738214563 1.59019107688 0.811548744777 
0.0232060704054 0.0752786490584 0.0192568064178 0.0691211703839 0.0147571325512 0.0648734360351 1.75471098185 0.208648248244 1.60063235099 0.827937823354 
0.0237112697307 0.10360073612 0.0196834761789 0.0952441579185 0.0150946441712 0.0890635308279 1.75472643852 0.236958761097 1.61107362511 0.843030590632 
0.024216469056 0.137443720413 0.02011014594 0.127327862591 0.0154321557912 0.118878690726 1.7547418952 0.267491521893 1.62151489923 0.85688491765 
0.0247216683812 0.176182594706 0.0205368157011 0.166483408373 0.0157696674112 0.155927730645 1.75475735188 0.298938645123 1.63195617335 0.868586441973 
0.0252268677065 0.22156506441 0.0209634854621 0.210662160442 0.0161071790312 0.197259227537 1.75477280855 0.331994583271 1.64239744747 0.880091204759 
0.0257320670318 0.269644324587 0.0213901552232 0.260720610192 0.0164446906513 0.244296808991 1.75478826523 0.366034329101 1.65283872159 0.889709371636 
0.0262372663571 0.322561603722 0.0218168249843 0.315130962164 0.0167822022713 0.295107582264 1.7548037219 0.400363430132 1.66327999571 0.89952430005 
0.0267424656823 0.377990486001 0.0222434947453 0.372677924513 0.0171197138913 0.349749418396 1.75481917858 0.436023565088 1.67372126983 0.909084595887 
0.0272476650076 0.435734209887 0.0226701645064 0.431150823505 0.0174572255113 0.406717670343 1.75483463526 0.472945288719 1.68416254395 0.917036076806 
0.0277528643329 0.493211726988 0.0230968342675 0.487702403963 0.0177947371313 0.463026192433 1.75485009193 0.509010520955 1.69460381807 0.924397273117 
0.0282580636581 0.551117489786 0.0235235040286 0.542355814303 0.0181322487514 0.515943471568 1.75486554861 0.545388256809 1.70504509219 0.931665875762 
0.0287632629834 0.606384333152 0.0239501737896 0.593270755449 0.0184697603714 0.566534334888 1.75488100529 0.580064584081 1.71548636631 0.93874929108 
0.0292684623087 0.656188150326 0.0243768435507 0.640620840519 0.0188072719914 0.61434738828 1.75489646196 0.615539531708 1.72592764043 0.944628988761 
0.029773661634 0.703526661188 0.0248035133118 0.684869037836 0.0191447836114 0.656153427702 1.75491191864 0.649440387042 1.73636891455 0.94999942129 
0.0302788609592 0.745309552194 0.0252301830729 0.723665783169 0.0194822952314 0.69544786398 1.75492737532 0.681570388546 1.74681018867 0.954849014456 
0.0307840602845 0.781478952303 0.0256568528339 0.758133774696 0.0198198068514 0.729383441938 1.75494283199 0.711223509531 1.75725146279 0.959316658758 
0.0312892596098 0.813389043855 0.026083522595 0.78844662554 0.0201573184715 0.760610655216 1.75495828867 0.73991597125 1.76769273691 0.963124573201 
0.031794458935 0.840322225952 0.0265101923561 0.815391381845 0.0204948300915 0.787289204736 1.75497374535 0.767231102212 1.77813401103 0.966955636061 
0.0322996582603 0.863551661478 0.0269368621171 0.838470352666 0.0208323417115 0.811409854281 1.75498920202 0.791733700622 1.78857528515 0.970300582183 
0.0328048575856 0.88291531152 0.0273635318782 0.858551603607 0.0211698533315 0.832428616072 1.7550046587 0.814766374611 1.79901655927 0.973286727856 
0.0333100569109 0.899512725842 0.0277902016393 0.875496244169 0.0215073649515 0.85122512992 1.75502011538 0.835657820114 1.80945783339 0.976272873529 
0.0338152562361 0.913170291323 0.0282168714004 0.890670030903 0.0218448765716 0.867278556465 1.75503557205 0.854269146634 1.81989910751 0.978946515585 
0.0343204555614 0.925242190303 0.0286435411614 0.903656292318 0.0221823881916 0.881248625563 1.75505102873 0.871572587646 1.83034038163 0.981191911943 
0.0348256548867 0.936087223232 0.0290702109225 0.914767532032 0.0225198998116 0.893783492865 1.7550664854 0.887163045869 1.84078165575 0.983356288846 
0.0353308542119 0.944027129944 0.0294968806836 0.923888007963 0.0228574114316 0.904547506337 1.75508194208 0.900716443477 1.85122292987 0.985323904212 
0.0358360535372 0.951330455214 0.0299235504447 0.932047824628 0.0231949230516 0.914211970046 1.75509739876 0.913262884987 1.86166420399 0.986990590169 
0.0363412528625 0.957615250177 0.0303502202057 0.939316427273 0.0235324346717 0.922973645528 1.75511285543 0.923876433755 1.8721054781 0.988738295582 
0.0368464521877 0.963078276369 0.0307768899668 0.945693815901 0.0238699462917 0.930809384368 1.75512831211 0.933239968055 1.88254675222 0.990196645795 
0.037351651513 0.968089908448 0.0312035597279 0.951087396845 0.0242074579117 0.937152050371 1.75514376879 0.941793307793 1.89298802634 0.991492957094 
0.0378568508383 0.972418662253 0.0316302294889 0.9560643063 0.0245449695317 0.943240083797 1.75515922546 0.949397562472 1.90342930046 0.99263880369 
0.0383620501636 0.976550654521 0.03205689925 0.960497227977 0.0248824811517 0.948622090533 1.75517468214 0.955798099515 1.91387057458 0.993680482413 
0.0388672494888 0.980057639556 0.0324835690111 0.964594497622 0.0252199927717 0.953726316277 1.75519013882 0.961330570956 1.9243118487 0.99458327064 
0.0393724488141 0.983182675725 0.0329102387722 0.968483431521 0.0255575043918 0.958193960578 1.75520559549 0.966585261403 1.93475312282 0.995509207282 
0.0398776481394 0.98604150511 0.0333369085332 0.972279771757 0.0258950160118 0.962233359182 1.75522105217 0.971180221993 1.94519439694 0.996076343476 
0.0403828474646 0.988900334495 0.0337635782943 0.97526591743 0.0262325276318 0.966319054619 1.75523650885 0.97484924594 1.95563567106 0.996597182838 
0.0408880467899 0.991018414565 0.0341902480554 0.978529844095 0.0265700392518 0.970277433767 1.75525196552 0.977893262654 1.96607694518 0.997118022199 
0.0413932461152 0.992708248938 0.0346169178165 0.981458118728 0.0269075508718 0.97402747717 1.7552674222 0.980844685702 1.9765182193 0.997523119481 
0.0418984454405 0.994351786479 0.0350435875775 0.984131760784 0.0272450624919 0.97726825542 1.75528287888 0.983541476174 1.98695949342 0.998032384634 
0.0424036447657 0.995682820403 0.0354702573386 0.986932719129 0.0275825741119 0.980231252677 1.75529833555 0.985798446741 1.99740076754 0.998391185083 
0.042908844091 0.996770795958 0.0358969270997 0.989166541279 0.0279200857319 0.982997488397 1.75531379223 0.987812358939 2.00784204166 0.998749985532 
0.0434140434163 0.99746524844 0.0363235968607 0.991411937638 0.0282575973519 0.98550909154 1.75532924891 0.989409599648 2.01828331578 0.999050914941 
0.0439192427415 0.998032384634 0.0367502666218 0.993321681964 0.0285951089719 0.988032268892 1.75534470558 0.990960543525 2.0287245899 0.99923610227 
0.0444244420668 0.998437481915 0.0371769363829 0.994953645297 0.0289326205919 0.990173497378 1.75536016226 0.992476764777 2.03916586402 0.999398141182 
0.0449296413921 0.998854153405 0.037603606144 0.996284679221 0.029270132212 0.992303151657 1.75537561893 0.993749927661 2.04960713814 0.999513883263 
0.0454348407174 0.999131934397 0.038030275905 0.997268486904 0.029607643832 0.993865669742 1.75539107561 0.994710586928 2.06004841226 0.999594902719 
0.0459400400426 0.99935184435 0.0384569456661 0.997812474681 0.029945155452 0.995439762034 1.75540653229 0.995636523571 2.07048968638 0.999652773759 
0.0464452393679 0.999479160638 0.0388836154272 0.998576372412 0.030282667072 0.996562460214 1.75542198896 0.996446718133 2.0809309605 0.999733793215 
0.0469504386932 0.999641199551 0.0393102851883 0.998923598653 0.030620178692 0.997499971064 1.75543744564 0.997303209528 2.09137223462 0.999780090047 
0.0474556380184 0.999699070591 0.0397369549493 0.999270824894 0.0309576903121 0.998148126714 1.75545290232 0.997835623097 2.10181350874 0.999803238463 
0.0479608373437 0.999780090047 0.0401636247104 0.999502309055 0.0312952019321 0.998680540284 1.75546835899 0.998425907707 2.11225478286 0.999837961088 
0.048466036669 0.999861109504 0.0405902944715 0.999652773759 0.0316327135521 0.999027766525 1.75548381567 0.998738411324 2.12269605698 0.999849535296 
0.0489712359942 0.99988425792 0.0410169642325 0.999710644799 0.0319702251721 0.999386566974 1.75549927235 0.998946747069 2.1331373311 0.999872683712 
0.0494764353195 0.999930554752 0.0414436339936 0.999733793215 0.0323077367921 0.999537031679 1.75551472902 0.999270824894 2.14357860521 0.999872683712 
0.0499816346448 0.999930554752 0.0418703037547 0.99988425792 0.0326452484122 0.999687496383 1.7555301857 0.999502309055 2.15401987933 0.99988425792 
0.0504868339701 0.999930554752 0.0422969735158 0.999895832128 0.0329827600322 0.999745367423 1.75554564238 0.999641199551 2.16446115345 0.999930554752 
0.0509920332953 0.999930554752 0.0427236432768 0.99994212896 0.0333202716522 0.999826386879 1.75556109905 0.999756941631 2.17490242757 0.999930554752 
0.0514972326206 0.99994212896 0.0431503130379 0.999965277376 0.0336577832722 0.99988425792 1.75557655573 0.999837961088 2.18534370169 0.999953703168 
0.0520024319459 0.999953703168 0.043576982799 0.999976851584 0.0339952948922 0.99994212896 1.75559201241 0.999907406336 2.19578497581 0.999965277376 
0.0525076312711 0.999965277376 0.0440036525601 0.999976851584 0.0343328065122 0.999965277376 1.75560746908 0.99994212896 2.20622624993 0.999965277376 
0.0530128305964 0.999976851584 0.0444303223211 0.999976851584 0.0346703181323 0.999965277376 1.75562292576 0.999965277376 2.21666752405 0.999965277376 
0.0535180299217 0.999976851584 0.0448569920822 0.999976851584 0.0350078297523 0.999976851584 1.75563838243 0.999965277376 2.22710879817 0.999976851584 
0.054023229247 0.999976851584 0.0452836618433 0.999976851584 0.0353453413723 0.999976851584 1.75565383911 0.999965277376 2.23755007229 0.999976851584 
0.0545284285722 0.999976851584 0.0457103316044 0.999976851584 0.0356828529923 0.999976851584 1.75566929579 0.999976851584 2.24799134641 0.999976851584 
0.0550336278975 1.0 0.0461370013654 1.0 0.0360203646123 1.0 1.75568475246 1.0 2.25843262053 1.0 
