mlu_x mlu_y lu90_x lu90_y lu50_x lu50_y ahc_x ahc_y 
0.00451982254162 4.62968321393e-05 0.0034689346794 3.47226241044e-05 0.00227061985061 5.78710401741e-05 1.8043224287 1.15742080348e-05 1.21429842059 9.25936642785e-05 
0.00502000898492 5.78710401741e-05 0.00389098860139 8.10194562437e-05 0.0026047730468 0.000115742080348 1.80433741012 1.15742080348e-05 1.22459162794 0.00131945971597 
0.00552019542821 0.000104167872313 0.00431304252338 9.25936642785e-05 0.00293892624299 0.000185187328557 1.80435239155 1.15742080348e-05 1.2348848353 0.00368059815507 
0.0060203818715 0.000127316288383 0.00473509644536 0.000150464704453 0.00327307943919 0.000196761536592 1.80436737297 1.15742080348e-05 1.24517804265 0.00780101621547 
0.00652056831479 0.000185187328557 0.00515715036735 0.000196761536592 0.00360723263538 0.000254632576766 1.80438235439 1.15742080348e-05 1.25547125001 0.0118404148196 
0.00702075475808 0.000185187328557 0.00557920428933 0.000208335744627 0.00394138583157 0.000277780992836 1.80439733581 2.31484160696e-05 1.26576445737 0.0153358256461 
0.00752094120138 0.000254632576766 0.00600125821132 0.000243058368731 0.00427553902777 0.000347226241044 1.80441231723 3.47226241044e-05 1.27605766472 0.0187502170164 
0.00802112764467 0.000324077824975 0.00642331213331 0.000324077824975 0.00460969222396 0.000428245697288 1.80442729865 0.000104167872313 1.28635087208 0.0231021192375 
0.00852131408796 0.000347226241044 0.00684536605529 0.000381948865149 0.00494384542015 0.000462968321393 1.80444228007 0.000185187328557 1.29664407943 0.0280558802764 
0.00902150053125 0.000439819905323 0.00726741997728 0.000428245697288 0.00527799861635 0.000520839361567 1.80445726149 0.000300929408905 1.30693728679 0.0340976168706 
0.00952168697454 0.000497690945497 0.00768947389927 0.000486116737462 0.00561215181254 0.000543987777636 1.80447224291 0.000405097281219 1.31723049415 0.0436926353314 
0.0100218734178 0.00060185881781 0.00811152782125 0.000567136193706 0.00594630500873 0.00064815564995 1.80448722433 0.000509265153532 1.3275237015 0.0589937383535 
0.0105220598611 0.000659729857984 0.00853358174324 0.000636581441915 0.00628045820493 0.000729175106193 1.80450220575 0.000798620354402 1.33781690886 0.0793759187028 
0.0110222463044 0.000717600898159 0.00895563566522 0.000763897730298 0.00661461140112 0.000810194562437 1.80451718718 0.00108797555527 1.34811011621 0.101413210801 
0.0115224327477 0.000763897730298 0.00937768958721 0.000821768770472 0.00694876459731 0.000844917186542 1.8045321686 0.00150464704453 1.35840332357 0.12091575134 
0.012022619191 0.000844917186542 0.0097997435092 0.000856491394576 0.00728291779351 0.00093751085082 1.80454715002 0.00186344749361 1.36869653092 0.139480781028 
0.0125228056343 0.00091436243475 0.0102217974312 0.000902788226716 0.0076170709897 0.000983807682959 1.80456213144 0.00266206784801 1.37898973828 0.158601372701 
0.0130229920776 0.00093751085082 0.0106438513532 0.000949085058855 0.0079512241859 0.00104167872313 1.80457711286 0.00363430132293 1.38928294564 0.183728978345 
0.0135231785209 0.00101853030706 0.0110659052752 0.000983807682959 0.00828537738209 0.00112269817938 1.80459209428 0.00476857371034 1.39957615299 0.219284945428 
0.0140233649642 0.00108797555527 0.0114879591971 0.00107640134724 0.00861953057828 0.00116899501152 1.8046070757 0.00626164654684 1.40986936035 0.254273776317 
0.0145235514075 0.00114584659545 0.0119100131191 0.00115742080348 0.00895368377448 0.00122686605169 1.80462205712 0.00825241032882 1.4201625677 0.287341288672 
0.0150237378508 0.00122686605169 0.0123320670411 0.00118056921955 0.00928783697067 0.0012963112999 1.80463703854 0.0105788261438 1.43045577506 0.321184272966 
0.015523924294 0.00131945971597 0.0127541209631 0.0012963112999 0.00962199016686 0.00134260813204 1.80465201996 0.0135649718168 1.44074898241 0.357064317874 
0.0160241107373 0.00144677600435 0.0131761748851 0.00136575654811 0.00995614336306 0.00143520179632 1.80466700138 0.0175580735888 1.45104218977 0.394634197155 
0.0165242971806 0.00155094387667 0.0135982288071 0.00143520179632 0.0102902965592 0.0015277954606 1.80468198281 0.0220720147224 1.46133539713 0.43294482575 
0.0170244836239 0.00167826016505 0.0140202827291 0.00149307283649 0.0106244497554 0.00162038912487 1.80469696423 0.0273151309622 1.47162860448 0.471533235338 
0.0175246700672 0.00177085382933 0.014442336651 0.00163196333291 0.0109586029516 0.00173613120522 1.80471194565 0.0338661327099 1.48192181184 0.509577657149 
0.0180248565105 0.00192131853378 0.014864390573 0.00187502170164 0.0112927561478 0.00197918957395 1.80472692707 0.0412504774361 1.49221501919 0.548223937777 
0.0185250429538 0.00216437690251 0.015286444495 0.0020949316543 0.011626909344 0.00234956423107 1.80474190849 0.0501047465827 1.50250822655 0.585238255072 
0.0190252293971 0.0026273452239 0.015708498417 0.0028588293846 0.0119610625402 0.00291670042477 1.80475688991 0.0603363464855 1.51280143391 0.619740969224 
0.0195254158404 0.00349541082651 0.016130552339 0.00348383661848 0.0122952157364 0.00399310177201 1.80477187133 0.0727323232908 1.52309464126 0.651882544937 
0.0200256022837 0.00520839361567 0.016552606261 0.00508107732728 0.0126293689326 0.00539358094422 1.80478685275 0.0868991539254 1.53338784862 0.68290142247 
0.020525788727 0.0080787972083 0.016974660183 0.00791675829581 0.0129635221288 0.00821768770472 1.80480183417 0.102408592692 1.54368105597 0.710829986458 
0.0210259751703 0.0127200546303 0.0173967141049 0.011967731108 0.013297675325 0.0122223636848 1.80481681559 0.119353233255 1.55397426333 0.737948355884 
0.0215261616136 0.0196761536592 0.0178187680269 0.018946978553 0.0136318285212 0.0187849396405 1.80483179701 0.139689116772 1.56426747068 0.761698630771 
0.0220263480568 0.0302781282191 0.0182408219489 0.0284494033496 0.0139659817174 0.0284262549335 1.80484677844 0.161286588965 1.57456067804 0.7832035093 
0.0225265345001 0.0458222896098 0.0186628758709 0.0417944652137 0.0143001349136 0.0404634312897 1.80486175986 0.18428454033 1.5848538854 0.803481521777 
0.0230267209434 0.0656720563895 0.0190849297929 0.0596650424195 0.0146342881098 0.0572228845241 1.80487674128 0.210801050938 1.59514709275 0.821595157351 
0.0235269073867 0.0913436498108 0.0195069837149 0.0824662322481 0.014968441306 0.0788782277573 1.8048917227 0.238556001806 1.60544030011 0.837451822359 
0.02402709383 0.122906515122 0.0199290376369 0.111702681744 0.0153025945022 0.105938726143 1.80490670412 0.267479947685 1.61573350746 0.852220511811 
0.0245272802733 0.159307399391 0.0203510915589 0.14706188729 0.0156367476983 0.139480781028 1.80492168554 0.298776606211 1.62602671482 0.864975289066 
0.0250274667166 0.201055567773 0.0207731454808 0.188659590967 0.0159709008945 0.179087720923 1.80493666696 0.330987627172 1.63631992217 0.877116633294 
0.0255276531599 0.248104723434 0.0211951994028 0.235257352516 0.0163050540907 0.223428511904 1.80495164838 0.363499577541 1.64661312953 0.887834349935 
0.0260278396032 0.297977985856 0.0216172533248 0.287607495457 0.0166392072869 0.273174458038 1.8049666298 0.396046250535 1.65690633689 0.897545110476 
0.0265280260465 0.352180002083 0.0220393072468 0.342527112582 0.0169733604831 0.325061632658 1.80498161122 0.43094248776 1.66719954424 0.906630863783 
0.0270282124898 0.40885889883 0.0224613611688 0.400386578548 0.0173075136793 0.380710424889 1.80499659264 0.466475306427 1.6774927516 0.915068461441 
0.0275283989331 0.465815576569 0.0228834150908 0.457574740448 0.0176416668755 0.437377747428 1.80501157407 0.502019699302 1.68778595895 0.923158832857 
0.0280285853763 0.522957441637 0.0233054690128 0.512471209158 0.0179758200717 0.49125568583 1.80502655549 0.536985381775 1.69807916631 0.930531603375 
0.0285287718196 0.579404854223 0.0237275229347 0.565249597796 0.0183099732679 0.542332665887 1.80504153691 0.571048276022 1.70837237366 0.937140476163 
0.0290289582629 0.631025822058 0.0241495768567 0.61446313036 0.0186441264641 0.591627217908 1.80505651833 0.605273209181 1.71866558102 0.943274806421 
0.0295291447062 0.680158335166 0.0245716307787 0.659255315455 0.0189782796603 0.6355513374 1.80507149975 0.638664799361 1.72895878838 0.949027187815 
0.0300293311495 0.723931989954 0.0249936847007 0.701443303742 0.0193124328565 0.675829581361 1.80508648117 0.670320258336 1.73925199573 0.953980948854 
0.0305295175928 0.762775032118 0.0254157386227 0.737844188011 0.0196465860527 0.712080000926 1.80510146259 0.69933679788 1.74954520309 0.958437018947 
0.0310297040361 0.796212919131 0.0258377925447 0.770529751502 0.0199807392489 0.744140557182 1.80511644401 0.728388060047 1.75983841044 0.962569011215 
0.0315298904794 0.825657704372 0.0262598464667 0.798956006435 0.0203148924451 0.772937186773 1.80513142543 0.755043461151 1.7701316178 0.966457945115 
0.0320300769227 0.850310767486 0.0266819003886 0.823794256878 0.0206490456412 0.799210639012 1.80514640685 0.780240512043 1.78042482516 0.969837613861 
0.032530263366 0.871595736062 0.0271039543106 0.845819974768 0.0209831988374 0.821109040614 1.80516138827 0.803354205488 1.79071803251 0.972765888494 
0.0330304498093 0.889420016435 0.0275260082326 0.864813250153 0.0213173520336 0.840866213729 1.8051763697 0.824720193521 1.80101123987 0.975890924663 
0.0335306362526 0.904813713122 0.0279480621546 0.880588895705 0.0216515052298 0.85852845519 1.80519135112 0.843829210986 1.81130444722 0.978263637311 
0.0340308226959 0.917441174088 0.0283701160766 0.89504508154 0.021985658426 0.873227699395 1.80520633254 0.861398858783 1.82159765458 0.980983576199 
0.0345310091391 0.928772323754 0.0287921699986 0.906954941608 0.0223198116222 0.886352851306 1.80522131396 0.877625898448 1.83189086193 0.983194249933 
0.0350311955824 0.938888181576 0.0292142239206 0.917591638792 0.0226539648184 0.898274285582 1.80523629538 0.892880704638 1.84218406929 0.985103994259 
0.0355313820257 0.946272526302 0.0296362778425 0.926272294818 0.0229881180146 0.908366994988 1.8052512768 0.905461868772 1.85247727665 0.986816977048 
0.036031568469 0.953170754291 0.0300583317645 0.934258498362 0.0233222712108 0.917464322504 1.80526625822 0.916677276357 1.862770484 0.988483663005 
0.0365317549123 0.959293510342 0.0304803856865 0.941052558479 0.023656424407 0.925994513825 1.80528123964 0.927140360421 1.87306369136 0.989907290594 
0.0370319413556 0.964444032917 0.0309024396085 0.947140591905 0.0239905776032 0.932950612854 1.80529622106 0.936168242688 1.88335689871 0.991307769766 
0.0375321277989 0.969363071332 0.0313244935305 0.952395282353 0.0243247307994 0.93933957569 1.80531120248 0.944374356185 1.89365010607 0.992395745321 
0.0380323142422 0.973657102513 0.0317465474525 0.957082836607 0.0246588839956 0.944941492378 1.8053261839 0.951133693677 1.90394331342 0.993495295084 
0.0385325006855 0.977580759037 0.0321686013745 0.961527332492 0.0249930371918 0.950369795947 1.80534116533 0.957568953344 1.91423652078 0.994247618607 
0.0390326871288 0.98079838887 0.0325906552965 0.965393117976 0.025327190388 0.955092072825 1.80535614675 0.963078276369 1.92452972814 0.995173555249 
0.0395328735721 0.983796108751 0.0330127092184 0.969282051876 0.0256613435842 0.959316658758 1.80537112817 0.968205650528 1.93482293549 0.995983749812 
0.0400330600154 0.986759106008 0.0334347631404 0.972939501615 0.0259954967803 0.963344483154 1.80538610959 0.972441810669 1.94511614285 0.996539311798 
0.0405332464586 0.989293857568 0.0338568170624 0.976076111992 0.0263296499765 0.967534346462 1.80540109101 0.975786756791 1.9554093502 0.997083299575 
0.0410334329019 0.991354066598 0.0342788709844 0.979027535041 0.0266638031727 0.971307538282 1.80541607243 0.979027535041 1.96570255756 0.997511545273 
0.0415336193452 0.993101772011 0.0347009249064 0.981874790217 0.0269979563689 0.974907116981 1.80543105385 0.981932661258 1.97599576492 0.997905068346 
0.0420338057885 0.994606419056 0.0351229788284 0.98457158069 0.0273321095651 0.97809002419 1.80544603527 0.98462945173 1.98628897227 0.998321739835 
0.0425339922318 0.99593745298 0.0355450327504 0.987360964826 0.0276662627613 0.980890982535 1.80546101669 0.986666512344 1.99658217963 0.998749985532 
0.0430341786751 0.996909686455 0.0359670866723 0.989536915937 0.0280004159575 0.983622495631 1.80547599811 0.988610979294 2.00687538698 0.998993043901 
0.0435343651184 0.997615713145 0.0363891405943 0.991608699175 0.0283345691537 0.986168821398 1.80549097953 0.990173497378 2.01716859434 0.999212953854 
0.0440345515617 0.998090255674 0.0368111945163 0.993506869292 0.0286687223499 0.988483663005 1.80550596096 0.991782312295 2.02746180169 0.999386566974 
0.044534738005 0.998495352955 0.0372332484383 0.995196703666 0.0290028755461 0.99069433674 1.80552094238 0.993032326763 2.03775500905 0.999490734846 
0.0450349244483 0.998854153405 0.0376553023603 0.996388847093 0.0293370287423 0.99258093265 1.8055359238 0.994270767023 2.04804821641 0.999571754303 
0.0455351108916 0.99917823123 0.0380773562823 0.99729163532 0.0296711819385 0.994074005486 1.80555090522 0.995312445746 2.05834142376 0.999641199551 
0.0460352973349 0.999398141182 0.0384994102043 0.997870345722 0.0300053351347 0.995659671987 1.80556588664 0.99599532402 2.06863463112 0.999733793215 
0.0465354837782 0.999502309055 0.0389214641262 0.998576372412 0.0303394883309 0.996689776502 1.80558086806 0.996874963831 2.07892783847 0.999791664255 
0.0470356702214 0.999664347967 0.0393435180482 0.998993043901 0.0306736415271 0.997638861561 1.80559584948 0.997592564729 2.08922104583 0.999814812671 
0.0475358566647 0.999722219007 0.0397655719702 0.999317121726 0.0310077947232 0.998205997755 1.8056108309 0.99817127513 2.09951425318 0.999849535296 
0.048036043108 0.999803238463 0.0401876258922 0.999537031679 0.0313419479194 0.998738411324 1.80562581232 0.998541649788 2.10980746054 0.999849535296 
0.0485362295513 0.99988425792 0.0406096798142 0.999652773759 0.0316761011156 0.999108785981 1.80564079374 0.998854153405 2.1201006679 0.999861109504 
0.0490364159946 0.999930554752 0.0410317337362 0.999722219007 0.0320102543118 0.999363418558 1.80565577516 0.999120360189 2.13039387525 0.999895832128 
0.0495366024379 0.99994212896 0.0414537876582 0.999756941631 0.032344407508 0.999571754303 1.80567075659 0.99935184435 2.14068708261 0.999907406336 
0.0500367888812 0.99994212896 0.0418758415801 0.99988425792 0.0326785607042 0.999710644799 1.80568573801 0.999537031679 2.15098028996 0.999930554752 
0.0505369753245 0.99994212896 0.0422978955021 0.999907406336 0.0330127139004 0.999745367423 1.80570071943 0.999722219007 2.16127349732 0.99994212896 
0.0510371617678 0.99994212896 0.0427199494241 0.999953703168 0.0333468670966 0.999826386879 1.80571570085 0.999826386879 2.17156670468 0.999965277376 
0.0515373482111 0.999953703168 0.0431420033461 0.999965277376 0.0336810202928 0.999907406336 1.80573068227 0.999895832128 2.18185991203 0.999976851584 
0.0520375346544 0.999965277376 0.0435640572681 0.999976851584 0.034015173489 0.999953703168 1.80574566369 0.999930554752 2.19215311939 0.999988425792 
0.0525377210977 0.999976851584 0.0439861111901 0.999988425792 0.0343493266852 0.999976851584 1.80576064511 0.999965277376 2.20244632674 0.999988425792 
0.0530379075409 0.999988425792 0.0444081651121 0.999988425792 0.0346834798814 0.999988425792 1.80577562653 0.999976851584 2.2127395341 0.999988425792 
0.0535380939842 0.999988425792 0.0448302190341 0.999988425792 0.0350176330776 0.999988425792 1.80579060795 0.999976851584 2.22303274145 0.999988425792 
0.0540382804275 0.999988425792 0.045252272956 0.999988425792 0.0353517862738 0.999988425792 1.80580558937 0.999988425792 2.23332594881 0.999988425792 
0.0545384668708 1.0 0.045674326878 1.0 0.03568593947 1.0 1.80582057079 1.0 2.24361915617 1.0 
0.0550386533141 1 0.0460963808 1 0.0360200926661 1 1.80583555222 1 2.25391236352 1 
