mlu_x mlu_y lu90_x lu90_y lu50_x lu50_y ahc_x ahc_y competitive_ratio_x competitive_ratio_y 
0.00381448352709 0.999953703168 0.00302468170412 0.999965277376 0.00202735257335 0.999976851584 1.47822193146 0.999988425792 1.47822193146 0.999988425792 
0.00424224545829 0.999930554752 0.00338268391604 0.999918980544 0.00231602495665 0.999907406336 1.47830847504 0.999988425792 1.47830847504 0.999988425792 
0.00467000738948 0.999895832128 0.00374068612795 0.999907406336 0.00260469733996 0.99988425792 1.47839501862 0.999988425792 1.47839501862 0.999988425792 
0.00509776932068 0.999872683712 0.00409868833987 0.999861109504 0.00289336972326 0.999803238463 1.47848156221 0.999965277376 1.47848156221 0.999965277376 
0.00552553125187 0.999826386879 0.00445669055179 0.999803238463 0.00318204210656 0.999780090047 1.47856810579 0.999953703168 1.47856810579 0.999953703168 
0.00595329318306 0.999791664255 0.0048146927637 0.999803238463 0.00347071448986 0.999756941631 1.47865464938 0.99994212896 1.47865464938 0.99994212896 
0.00638105511426 0.999733793215 0.00517269497562 0.999768515839 0.00375938687317 0.999687496383 1.47874119296 0.999930554752 1.47874119296 0.999930554752 
0.00680881704545 0.999687496383 0.00553069718754 0.999687496383 0.00404805925647 0.999629625343 1.47882773654 0.999872683712 1.47882773654 0.999872683712 
0.00723657897664 0.999629625343 0.00588869939945 0.999629625343 0.00433673163977 0.999583328511 1.47891428013 0.999872683712 1.47891428013 0.999872683712 
0.00766434090784 0.999571754303 0.00624670161137 0.999560180095 0.00462540402308 0.999537031679 1.47900082371 0.999837961088 1.47900082371 0.999837961088 
0.00809210283903 0.999525457471 0.00660470382329 0.999513883263 0.00491407640638 0.99946758643 1.47908736729 0.999780090047 1.47908736729 0.999780090047 
0.00851986477022 0.999421289598 0.00696270603521 0.999432863806 0.00520274878968 0.999432863806 1.47917391088 0.999710644799 1.47917391088 0.999710644799 
0.00894762670142 0.999374992766 0.00732070824712 0.999374992766 0.00549142117299 0.999386566974 1.47926045446 0.999664347967 1.47926045446 0.999664347967 
0.00937538863261 0.999270824894 0.00767871045904 0.999282399102 0.00578009355629 0.999259250686 1.47934699804 0.999548605887 1.47934699804 0.999548605887 
0.00980315056381 0.999212953854 0.00803671267096 0.999212953854 0.00606876593959 0.999212953854 1.47943354163 0.999490734846 1.47943354163 0.999490734846 
0.010230912495 0.999131934397 0.00839471488287 0.999131934397 0.00635743832289 0.999155082813 1.47952008521 0.99935184435 1.47952008521 0.99935184435 
0.0106586744262 0.999085637565 0.00875271709479 0.999097211773 0.0066461107062 0.999074063357 1.4796066288 0.999085637565 1.4796066288 0.999085637565 
0.0110864363574 0.999027766525 0.00911071930671 0.999062489149 0.0069347830895 0.999004618109 1.47969317238 0.998773133948 1.47969317238 0.998773133948 
0.0115141982886 0.998993043901 0.00946872151862 0.998981469693 0.0072234554728 0.998958321277 1.47977971596 0.998356462459 1.47977971596 0.998356462459 
0.0119419602198 0.998900450237 0.00982672373054 0.998923598653 0.00751212785611 0.998877301821 1.47986625955 0.997858771514 1.47986625955 0.997858771514 
0.012369722151 0.99881943078 0.0101847259425 0.998888876029 0.00780080023941 0.998842579197 1.47995280313 0.997280061112 1.47995280313 0.997280061112 
0.0127974840822 0.998773133948 0.0105427281544 0.998842579197 0.00808947262271 0.998796282364 1.48003934671 0.996562460214 1.48003934671 0.996562460214 
0.0132252460134 0.9987036887 0.0109007303663 0.99876155974 0.00837814500602 0.998749985532 1.4801258903 0.995601800947 1.4801258903 0.995601800947 
0.0136530079445 0.998622669244 0.0112587325782 0.998657391868 0.00866681738932 0.998668966076 1.48021243388 0.994189747567 1.48021243388 0.994189747567 
0.0140807698757 0.998518501372 0.0116167347901 0.998576372412 0.00895548977262 0.998564798204 1.48029897746 0.99269667473 1.48029897746 0.99269667473 
0.0145085318069 0.998402759291 0.011974737002 0.998495352955 0.00924416215592 0.998518501372 1.48038552105 0.990925820901 1.48038552105 0.990925820901 
0.0149362937381 0.998298591419 0.012332739214 0.998414333499 0.00953283453923 0.998425907707 1.48047206463 0.988657276126 1.48047206463 0.988657276126 
0.0153640556693 0.998194423547 0.0126907414259 0.998263868795 0.00982150692253 0.998368036667 1.48055860822 0.986180395606 1.48055860822 0.986180395606 
0.0157918176005 0.998020810426 0.0130487436378 0.998020810426 0.0101101793058 0.998229146171 1.4806451518 0.983321566222 1.4806451518 0.983321566222 
0.0162195795317 0.997696732601 0.0134067458497 0.997696732601 0.0103988516891 0.99788191993 1.48073169538 0.979895600644 1.48073169538 0.979895600644 
0.0166473414629 0.997152744823 0.0137647480616 0.997187467448 0.0106875240724 0.997337932152 1.48081823897 0.976064537784 1.48081823897 0.976064537784 
0.0170751033941 0.996134214516 0.0141227502735 0.996180511349 0.0109761964557 0.99658560863 1.48090478255 0.970647808424 1.48090478255 0.970647808424 
0.0175028653253 0.994178173358 0.0144807524855 0.994455954351 0.011264868839 0.995543929907 1.48099132613 0.964976446487 1.48099132613 0.964976446487 
0.0179306272565 0.991087859813 0.0148387546974 0.991180453477 0.0115535412223 0.993506869292 1.48107786972 0.958355999491 1.48107786972 0.958355999491 
0.0183583891877 0.98592576303 0.0151967569093 0.986481325015 0.0118422136057 0.990555446244 1.4811644133 0.95135360363 1.4811644133 0.95135360363 
0.0187861511189 0.977603907453 0.0155547591212 0.978749754048 0.012130885989 0.985624833621 1.48125095688 0.942441463443 1.48125095688 0.942441463443 
0.0192139130501 0.966353777243 0.0159127613331 0.968518154145 0.0124195583723 0.978448824639 1.48133750047 0.93297376127 1.48133750047 0.93297376127 
0.0196416749813 0.95070544798 0.016270763545 0.953703167861 0.0127082307556 0.96878436093 1.48142404405 0.921561592148 1.48142404405 0.921561592148 
0.0200694369125 0.930994571696 0.016628765757 0.933934420537 0.0129969031389 0.955670783227 1.48151058764 0.908922556974 1.48151058764 0.908922556974 
0.0204971988436 0.905288255651 0.0169867679689 0.908806814894 0.0132855755222 0.937753909189 1.48159713122 0.895820553479 1.48159713122 0.895820553479 
0.0209249607748 0.873586499844 0.0173447701808 0.878169886226 0.0135742479055 0.914640215743 1.4816836748 0.880924547738 1.4816836748 0.880924547738 
0.021352722706 0.83709302191 0.0177027723927 0.841653259876 0.0138629202888 0.886734800171 1.48177021839 0.864547043369 1.48177021839 0.864547043369 
0.0217804846372 0.795460595609 0.0180607746046 0.799152767972 0.0141515926721 0.852081621315 1.48185676197 0.846120904177 1.48185676197 0.846120904177 
0.0222082465684 0.749418396046 0.0184187768166 0.751779534485 0.0144402650554 0.812706165581 1.48194330555 0.827370687161 1.48194330555 0.827370687161 
0.0226360084996 0.699128462135 0.0187767790285 0.699776617785 0.0147289374387 0.768793620297 1.48202984914 0.805831086008 1.48202984914 0.805831086008 
0.0230637704308 0.646928783898 0.0191347812404 0.645574601558 0.015017609822 0.719707404021 1.48211639272 0.783272954548 1.48211639272 0.783272954548 
0.023491532362 0.59626847533 0.0194927834523 0.588143381289 0.0153062822053 0.667854952025 1.4822029363 0.758515723562 1.4822029363 0.758515723562 
0.0239192942932 0.546221599787 0.0198507856642 0.5292422366 0.0155949545886 0.614277943032 1.48228947989 0.734337202977 1.48228947989 0.734337202977 
0.0243470562244 0.496765008854 0.0202087878761 0.47329251496 0.0158836269719 0.559242583826 1.48237602347 0.707380872464 1.48237602347 0.707380872464 
0.0247748181556 0.44961168532 0.0205667900881 0.419287260269 0.0161722993552 0.505295200176 1.48246256706 0.679811108925 1.48246256706 0.679811108925 
0.0252025800868 0.405571823748 0.0209247923 0.36898575215 0.0164609717385 0.454542297943 1.48254911064 0.651072350374 1.48254911064 0.651072350374 
0.025630342018 0.364738017801 0.0212827945119 0.323394946701 0.0167496441218 0.407238509705 1.48263565422 0.620771073739 1.48263565422 0.620771073739 
0.0260581039492 0.326763041239 0.0216407967238 0.282989386451 0.0170383165051 0.362735679811 1.48272219781 0.59102535909 1.48272219781 0.59102535909 
0.0264858658804 0.291172351532 0.0219987989357 0.246866283175 0.0173269888884 0.321786131784 1.48280874139 0.558872209169 1.48280874139 0.558872209169 
0.0269136278116 0.25861410433 0.0223568011476 0.214979340039 0.0176156612717 0.285200060186 1.48289528497 0.526684336624 1.48289528497 0.526684336624 
0.0273413897427 0.228937834929 0.0227148033596 0.187513744372 0.017904333655 0.252653387192 1.48298182856 0.49484369032 1.48298182856 0.49484369032 
0.0277691516739 0.200824083612 0.0230728055715 0.16372874686 0.0181930060383 0.223995648098 1.48306837214 0.462644243568 1.48306837214 0.462644243568 
0.0281969136051 0.173856178891 0.0234308077834 0.142895172398 0.0184816784216 0.19818516418 1.48315491572 0.431891572819 1.48315491572 0.431891572819 
0.0286246755363 0.14835819859 0.0237888099953 0.125452840889 0.0187703508049 0.175245083855 1.48324145931 0.401034734198 1.48324145931 0.401034734198 
0.0290524374675 0.125614879802 0.0241468122072 0.110556835149 0.0190590231882 0.155580504404 1.48332800289 0.369900114585 1.48332800289 0.369900114585 
0.0294801993987 0.105035937916 0.0245048144191 0.0967951017952 0.0193476955715 0.138728457505 1.48341454648 0.339691431614 1.48341454648 0.339691431614 
0.0299079613299 0.0872926769986 0.0248628166311 0.0849662611836 0.0196363679548 0.123450502899 1.48350109006 0.310200349541 1.48350109006 0.310200349541 
0.0303357232611 0.0718874061042 0.025220818843 0.0753365200986 0.0199250403381 0.110267479948 1.48358763364 0.281276403662 1.48358763364 0.281276403662 
0.0307634851923 0.0587854026088 0.0255788210549 0.0673850391787 0.0202137127214 0.0987742913691 1.48367417723 0.254702022014 1.48367417723 0.254702022014 
0.0311912471235 0.0483107443373 0.0259368232668 0.0598965265802 0.0205023851047 0.0882649104735 1.48376072081 0.229701732659 1.48376072081 0.229701732659 
0.0316190090547 0.0395143462309 0.0262948254787 0.0533455248325 0.020791057488 0.0795148091992 1.48384726439 0.205280153705 1.48384726439 0.205280153705 
0.0320467709859 0.0321415757127 0.0266528276906 0.047870924432 0.0210797298713 0.0719221287283 1.48393380798 0.182722022246 1.48393380798 0.182722022246 
0.0324745329171 0.0262271554069 0.0270108299026 0.0428592923529 0.0213684022546 0.0650354749476 1.48402035156 0.161529647334 1.48402035156 0.161529647334 
0.0329022948483 0.0215048785287 0.0273688321145 0.0383800738434 0.021657074638 0.0586349379044 1.48410689514 0.142860449774 1.48410689514 0.142860449774 
0.0333300567795 0.0173844604683 0.0277268343264 0.0340165974143 0.0219457470213 0.0527436660147 1.48419343873 0.125221356729 1.48419343873 0.125221356729 
0.0337578187106 0.0138427528096 0.0280848365383 0.0301160893066 0.0222344194046 0.0479519438882 1.48427998231 0.108612368199 1.48427998231 0.108612368199 
0.0341855806418 0.0112385560018 0.0284428387502 0.0267942916006 0.0225230917879 0.0433569832984 1.4843665259 0.0929524647276 1.4843665259 0.0929524647276 
0.034613342573 0.00897001122698 0.0288008409621 0.023588235975 0.0228117641712 0.0396069398951 1.48445306948 0.0795958286554 1.48445306948 0.0795958286554 
0.0350411045042 0.00716443477355 0.0291588431741 0.0204516255975 0.0231004365545 0.0358221738678 1.48453961306 0.0676628201715 1.48453961306 0.0676628201715 
0.0354688664354 0.00557876827278 0.029516845386 0.0175233509647 0.0233891089378 0.0319795368002 1.48462615665 0.0571881619 1.48462615665 0.0571881619 
0.0358966283666 0.0041898633086 0.0298748475979 0.0147918378685 0.0236777813211 0.0282294933969 1.48471270023 0.0471764719499 1.48471270023 0.0471764719499 
0.0363243902978 0.00319448141761 0.0302328498098 0.0123728283892 0.0239664537044 0.0248961214829 1.48479924381 0.038889338997 1.48479924381 0.038889338997 
0.036752152229 0.00260419680783 0.0305908520217 0.00993067049387 0.0242551260877 0.0218984016019 1.4848857874 0.0317017558074 1.4848857874 0.0317017558074 
0.0371799141602 0.00204863482216 0.0309488542336 0.00795148091992 0.024543798471 0.0195604115788 1.48497233098 0.0254979803007 1.48497233098 0.0254979803007 
0.0376076760914 0.0015625180847 0.0313068564456 0.00623849813077 0.0248324708543 0.016956214771 1.48505887456 0.0204400513895 1.48505887456 0.0204400513895 
0.0380354380226 0.00126158867579 0.0316648586575 0.00489588999873 0.0251211432376 0.0143404437551 1.48514541815 0.0160997233764 1.48514541815 0.0160997233764 
0.0384631999538 0.000902788226716 0.0320228608694 0.00355328186669 0.0254098156209 0.0115163369946 1.48523196173 0.0123959768053 1.48523196173 0.0123959768053 
0.038890961885 0.000636581441915 0.0323808630813 0.00263891943194 0.0256984880042 0.0091436243475 1.48531850532 0.00975705737335 1.48531850532 0.00975705737335 
0.0393187238162 0.000520839361567 0.0327388652932 0.00199076378199 0.0259871603875 0.00717600898159 1.4854050489 0.00767369992708 1.4854050489 0.00767369992708 
0.0397464857474 0.000439819905323 0.0330968675051 0.00151622125256 0.0262758327708 0.00537043252815 1.48549159248 0.00577552980937 1.48549159248 0.00577552980937 
0.0401742476786 0.000358800449079 0.0334548697171 0.00108797555527 0.0265645051541 0.00425930855681 1.48557813607 0.00429403118092 1.48557813607 0.00429403118092 
0.0406020096097 0.000254632576766 0.033812871929 0.000717600898159 0.0268531775374 0.00320605562564 1.48566467965 0.0031250361694 1.48566467965 0.0031250361694 
0.0410297715409 0.000162038912487 0.0341708741409 0.000520839361567 0.0271418499207 0.00240743527124 1.48575122323 0.002326415815 1.48575122323 0.002326415815 
0.0414575334721 0.000127316288383 0.0345288763528 0.000381948865149 0.027430522304 0.00162038912487 1.48583776682 0.00173613120522 1.48583776682 0.00173613120522 
0.0418852954033 8.10194562437e-05 0.0348868785647 0.00031250361694 0.0277191946873 0.00111112397134 1.4859243104 0.00127316288383 1.4859243104 0.00127316288383 
0.0423130573345 6.94452482088e-05 0.0352448807766 0.000196761536592 0.0280078670706 0.000740749314228 1.48601085398 0.00091436243475 1.48601085398 0.00091436243475 
0.0427408192657 5.78710401741e-05 0.0356028829886 0.000127316288383 0.0282965394539 0.000578710401741 1.48609739757 0.00062500723388 1.48609739757 0.00062500723388 
0.0431685811969 5.78710401741e-05 0.0359608852005 9.25936642785e-05 0.0285852118372 0.000393523073184 1.48618394115 0.000428245697288 1.48618394115 0.000428245697288 
0.0435963431281 5.78710401741e-05 0.0363188874124 6.94452482088e-05 0.0288738842205 0.00031250361694 1.48627048474 0.00028935520087 1.48627048474 0.00028935520087 
0.0440241050593 3.47226241044e-05 0.0366768896243 4.62968321393e-05 0.0291625566038 0.000219909952662 1.48635702832 0.000173613120522 1.48635702832 0.000173613120522 
0.0444518669905 2.31484160697e-05 0.0370348918362 2.31484160697e-05 0.0294512289871 0.000127316288383 1.4864435719 9.25936642785e-05 1.4864435719 9.25936642785e-05 
0.0448796289217 1.15742080348e-05 0.0373928940482 1.15742080348e-05 0.0297399013704 8.10194562437e-05 1.48653011549 5.78710401741e-05 1.48653011549 5.78710401741e-05 
0.0453073908529 1.15742080348e-05 0.0377508962601 1.15742080348e-05 0.0300285737537 4.62968321393e-05 1.48661665907 4.62968321393e-05 1.48661665907 4.62968321393e-05 
0.0457351527841 1.15742080348e-05 0.038108898472 1.15742080348e-05 0.030317246137 4.62968321393e-05 1.48670320265 3.47226241044e-05 1.48670320265 3.47226241044e-05 
0.0461629147153 1.15742080348e-05 0.0384669006839 1.15742080348e-05 0.0306059185203 2.31484160697e-05 1.48678974624 1.15742080348e-05 1.48678974624 1.15742080348e-05 
0.0465906766465 0.0 0.0388249028958 0.0 0.0308945909036 0.0 1.48687628982 0.0 1.48687628982 0.0 
0.0470184385777 0.0 0.0391829051077 0.0 0.0311832632869 0.0 1.4869628334 0.0 1.4869628334 0.0 
