mlu_x mlu_y lu90_x lu90_y lu50_x lu50_y ahc_x ahc_y competitive_ratio_x competitive_ratio_y 
0.00559639977291 0.999965277376 0.00366054847836 0.999976851584 0.00199092575349 0.999976851584 1.45000004768 1.0 1.45000004768 1.0 
0.00629573258212 0.999907406336 0.00415273394325 0.999930554752 0.00227418454309 0.999918980544 1.45990103778 1.0 1.45990103778 1.0 
0.00699506539132 0.999872683712 0.00464491940813 0.999895832128 0.00255744333268 0.999861109504 1.46980202788 1.0 1.46980202788 1.0 
0.00769439820053 0.999849535296 0.00513710487302 0.999826386879 0.00284070212228 0.999803238463 1.47970301798 1.0 1.47970301798 1.0 
0.00839373100973 0.999814812671 0.0056292903379 0.999791664255 0.00312396091188 0.999803238463 1.48960400808 1.0 1.48960400808 1.0 
0.00909306381894 0.999791664255 0.00612147580279 0.999780090047 0.00340721970147 0.999733793215 1.49950499818 1.0 1.49950499818 1.0 
0.00979239662814 0.999722219007 0.00661366126767 0.999733793215 0.00369047849107 0.999710644799 1.50940598828 1.0 1.50940598828 1.0 
0.0104917294373 0.999664347967 0.00710584673256 0.999664347967 0.00397373728067 0.999618051135 1.51930697838 1.0 1.51930697838 1.0 
0.0111910622466 0.999606476927 0.00759803219744 0.999618051135 0.00425699607027 0.999571754303 1.52920796848 1.0 1.52920796848 1.0 
0.0118903950558 0.999548605887 0.00809021766233 0.999583328511 0.00454025485986 0.999537031679 1.53910895857 1.0 1.53910895857 1.0 
0.012589727865 0.999456012222 0.00858240312721 0.999490734846 0.00482351364946 0.999479160638 1.54900994867 1.0 1.54900994867 1.0 
0.0132890606742 0.999305547518 0.0090745885921 0.999444438014 0.00510677243906 0.999432863806 1.55891093877 1.0 1.55891093877 1.0 
0.0139883934834 0.99929397331 0.00956677405698 0.999374992766 0.00539003122865 0.999363418558 1.56881192887 1.0 1.56881192887 1.0 
0.0146877262926 0.999212953854 0.0100589595219 0.999270824894 0.00567329001825 0.999270824894 1.57871291897 1.0 1.57871291897 1.0 
0.0153870591018 0.999131934397 0.0105511449868 0.999212953854 0.00595654880785 0.999201379646 1.58861390907 1.0 1.58861390907 1.0 
0.016086391911 0.999097211773 0.0110433304516 0.999166657021 0.00623980759744 0.999131934397 1.59851489917 1.0 1.59851489917 1.0 
0.0167857247202 0.999085637565 0.0115355159165 0.999085637565 0.00652306638704 0.999085637565 1.60841588927 1.0 1.60841588927 1.0 
0.0174850575294 0.998900450237 0.0120277013814 0.999039340733 0.00680632517664 0.999027766525 1.61831687937 1.0 1.61831687937 1.0 
0.0181843903386 0.998831004988 0.0125198868463 0.998935172861 0.00708958396624 0.998981469693 1.62821786947 1.0 1.62821786947 1.0 
0.0188837231478 0.998784708156 0.0130120723112 0.998877301821 0.00737284275583 0.998900450237 1.63811885956 1.0 1.63811885956 1.0 
0.019583055957 0.998726837116 0.0135042577761 0.998854153405 0.00765610154543 0.998877301821 1.64801984966 1.0 1.64801984966 1.0 
0.0202823887662 0.998634243452 0.0139964432409 0.998784708156 0.00793936033503 0.998796282364 1.65792083976 1.0 1.65792083976 1.0 
0.0209817215754 0.998518501372 0.0144886287058 0.998738411324 0.00822261912462 0.998726837116 1.66782182986 1.0 1.66782182986 1.0 
0.0216810543846 0.998310165627 0.0149808141707 0.998668966076 0.00850587791422 0.9987036887 1.67772281996 1.0 1.67772281996 1.0 
0.0223803871938 0.997951365178 0.0154729996356 0.998599520828 0.00878913670382 0.998611095036 1.68762381006 1.0 1.68762381006 1.0 
0.023079720003 0.997418951608 0.0159651851005 0.998483778747 0.00907239549341 0.998472204539 1.69752480016 1.0 1.69752480016 1.0 
0.0237790528122 0.996319401845 0.0164573705654 0.998414333499 0.00935565428301 0.998437481915 1.70742579026 1.0 1.70742579026 1.0 
0.0244783856214 0.994224470191 0.0169495560303 0.998252294587 0.00963891307261 0.998391185083 1.71732678036 1.0 1.71732678036 1.0 
0.0251777184306 0.990891098277 0.0174417414951 0.997905068346 0.00992217186221 0.998263868795 1.72722777046 1.0 1.72722777046 1.0 
0.0258770512399 0.985161865299 0.01793392696 0.997534693689 0.0102054306518 0.998090255674 1.73712876056 1.0 1.73712876056 1.0 
0.0265763840491 0.977059919675 0.0184261124249 0.996828666998 0.0104886894414 0.99788191993 1.74702975065 1.0 1.74702975065 1.0 
0.0272757168583 0.96536996956 0.0189182978898 0.995798562483 0.010771948231 0.997442100024 1.75693074075 1.0 1.75693074075 1.0 
0.0279750496675 0.949131355687 0.0194104833547 0.994039282862 0.0110552070206 0.99670135071 1.76683173085 1.0 1.76683173085 1.0 
0.0286743824767 0.92749916087 0.0199026688196 0.991365640806 0.0113384658102 0.995416613618 1.77673272095 1.0 1.77673272095 1.0 
0.0293737152859 0.899825229459 0.0203948542845 0.986319286103 0.0116217245998 0.993587888749 1.78663371105 1.0 1.78663371105 1.0 
0.0300730480951 0.865866503085 0.0208870397493 0.979235870786 0.0119049833894 0.990277665251 1.79653470115 1.0 1.79653470115 1.0 
0.0307723809043 0.823690089006 0.0213792252142 0.969420942372 0.012188242179 0.985578536789 1.80643569125 1.0 1.80643569125 1.0 
0.0314717137135 0.776918714337 0.0218714106791 0.955855970555 0.0124715009686 0.978066875774 1.81633668135 1.0 1.81633668135 1.0 
0.0321710465227 0.72466116506 0.022363596144 0.938483084295 0.0127547597582 0.967441752798 1.82623767145 1.0 1.82623767145 1.0 
0.0328703793319 0.669810993183 0.0228557816089 0.915982823875 0.0130380185478 0.953286496371 1.83613866155 1.0 1.83613866155 1.0 
0.0335697121411 0.613456174261 0.0233479670738 0.887429252653 0.0133212773374 0.93497609926 1.84603965164 1.0 1.84603965164 1.0 
0.0342690449503 0.557240245836 0.0238401525386 0.85311172583 0.013604536127 0.911549902198 1.85594064174 1.0 1.85594064174 1.0 
0.0349683777595 0.505341497008 0.0243323380035 0.812555700876 0.0138877949166 0.881769464924 1.86584163184 1.0 1.86584163184 1.0 
0.0356677105687 0.45350061922 0.0248245234684 0.767705644741 0.0141710537062 0.846375536754 1.87574262194 1.0 1.87574262194 1.0 
0.0363670433779 0.404240789824 0.0253167089333 0.717149504045 0.0144543124958 0.806710725819 1.88564361204 1.0 1.88564361204 1.0 
0.0370663761871 0.358684706999 0.0258088943982 0.664417412239 0.0147375712854 0.763203277816 1.89554460214 1.0 1.89554460214 1.0 
0.0377657089963 0.318441185662 0.0263010798631 0.608479264806 0.015020830075 0.713179550689 1.90544559224 1.0 1.90544559224 1.0 
0.0384650418055 0.280987048461 0.026793265328 0.554369842244 0.0153040888645 0.659602541696 1.91534658234 1.0 1.91534658234 1.0 
0.0391643746147 0.247583884073 0.0272854507928 0.502829893865 0.0155873476541 0.603456058519 1.92524757244 1.0 1.92524757244 1.0 
0.0398637074239 0.218162247248 0.0277776362577 0.451833933263 0.0158706064437 0.547124388014 1.93514856254 1.0 1.93514856254 1.0 
0.0405630402332 0.19206240813 0.0282698217226 0.404935242306 0.0161538652333 0.493304320652 1.94504955263 0.0 1.94504955263 0.0 
0.0412623730424 0.169643167166 0.0287620071875 0.361196310142 0.0164371240229 0.441498165488 1.95495054273 0.0 1.95495054273 0.0 
0.0419617058516 0.150024884547 0.0292541926524 0.320559265732 0.0167203828125 0.393036956446 1.96485153283 0.0 1.96485153283 0.0 
0.0426610386608 0.132142733133 0.0297463781173 0.284598201368 0.0170036416021 0.347573467286 1.97475252293 0.0 1.97475252293 0.0 
0.04336037147 0.115857822429 0.0302385635822 0.252144122038 0.0172869003917 0.307306797532 1.98465351303 0.0 1.98465351303 0.0 
0.0440597042792 0.103207213046 0.030730749047 0.222815078878 0.0175701591813 0.270790171183 1.99455450313 0.0 1.99455450313 0.0 
0.0447590370884 0.0923969027419 0.0312229345119 0.197386543826 0.0178534179709 0.238428685517 2.00445549323 0.0 2.00445549323 0.0 
0.0454583698976 0.0823389159597 0.0317151199768 0.174944154446 0.0181366767605 0.210569566777 2.01435648333 0.0 2.01435648333 0.0 
0.0461577027068 0.0739939119666 0.0322073054417 0.155626801236 0.0184199355501 0.185881781039 2.02425747343 0.0 2.02425747343 0.0 
0.046857035516 0.0666674382805 0.0326994909066 0.138184469728 0.0187031943397 0.164538941423 2.03415846353 0.0 2.03415846353 0.0 
0.0475563683252 0.0601974559891 0.0331916763715 0.123427354483 0.0189864531293 0.145210014005 2.04405945362 0.0 2.04405945362 0.0 
0.0482557011344 0.0543756293476 0.0336838618363 0.109920253707 0.0192697119189 0.128901954884 2.05396044372 0.0 2.05396044372 0.0 
0.0489550339436 0.0490862162757 0.0341760473012 0.0979872452227 0.0195529707085 0.114515214296 2.06386143382 0.0 2.06386143382 0.0 
0.0496543667528 0.0444565330617 0.0346682327661 0.0876514774477 0.0198362294981 0.102142385907 2.07376242392 0.0 2.07376242392 0.0 
0.050353699562 0.0403592634174 0.035160418231 0.0790749892939 0.0201194882877 0.0907302167849 2.08366341402 0.0 2.08366341402 0.0 
0.0510530323712 0.0360536580284 0.0356526036959 0.0718874061042 0.0204027470773 0.0812972372365 2.09356440412 0.0 2.09356440412 0.0 
0.0517523651804 0.0323499114573 0.0361447891608 0.0651049201958 0.0206860058669 0.0729753816595 2.10346539422 0.0 2.10346539422 0.0 
0.0524516979896 0.0283799581014 0.0366369746257 0.059167351474 0.0209692646565 0.0655215916851 2.11336638432 0.0 2.11336638432 0.0 
0.0531510307988 0.024942418315 0.0371291600905 0.0533108022084 0.0212525234461 0.0588664220651 2.12326737442 0.0 2.12326737442 0.0 
0.053850363608 0.0220720147224 0.0376213455554 0.0483917637936 0.0215357822357 0.0530214470075 2.13316836452 0.0 2.13316836452 0.0 
0.0545496964172 0.0189701269691 0.0381135310203 0.0442944941492 0.0218190410253 0.0477783307677 2.14306935461 0.0 2.14306935461 0.0 
0.0552490292265 0.0164469496175 0.0386057164852 0.0399773145523 0.0221022998149 0.043218092802 2.15297034471 0.0 2.15297034471 0.0 
0.0559483620357 0.0140973853864 0.0390979019501 0.0359842127802 0.0223855586045 0.0390050810773 2.16287133481 0.0 2.16287133481 0.0 
0.0566476948449 0.0116783759071 0.039590087415 0.0324193567055 0.0226688173941 0.0351277213857 2.17277232491 0.0 2.17277232491 0.0 
0.0573470276541 0.00993067049387 0.0400822728799 0.0288660748388 0.0229520761837 0.0308336902047 2.18267331501 0.0 2.18267331501 0.0 
0.0580463604633 0.00821768770472 0.0405744583447 0.0254053866364 0.0232353349733 0.0270604983854 2.19257430511 0.0 2.19257430511 0.0 
0.0587456932725 0.00663202120395 0.0410666438096 0.0225581314599 0.0235185937629 0.0240164816722 2.20247529521 0.0 2.20247529521 0.0 
0.0594450260817 0.00541672936029 0.0415588292745 0.0200349541083 0.0238018525525 0.0209145939189 2.21237628531 0.0 2.21237628531 0.0 
0.0601443588909 0.00423616014074 0.0420510147394 0.0173381636362 0.0240851113421 0.0179284482459 2.22227727541 0.0 2.22227727541 0.0 
0.0608436917001 0.00329864928992 0.0425432002043 0.0145603537078 0.0243683701317 0.0153358256461 2.23217826551 0.0 2.23217826551 0.0 
0.0615430245093 0.00252317735159 0.0430353856692 0.0119561569 0.0246516289213 0.0125117188856 2.2420792556 0.0 2.2420792556 0.0 
0.0622423573185 0.00203706061413 0.043527571134 0.00967603791711 0.0249348877108 0.010289470943 2.2519802457 0.0 2.2519802457 0.0 
0.0629416901277 0.0015972407088 0.0440197565989 0.00768527413512 0.0252181465004 0.00812509404044 2.2618812358 0.0 2.2618812358 0.0 
0.0636410229369 0.00125001446776 0.0445119420638 0.00572923297723 0.02550140529 0.00633109179504 2.2717822259 0.0 2.2717822259 0.0 
0.0643403557461 0.000972233474924 0.0450041275287 0.00451394113358 0.0257846640796 0.00458338638179 2.281683216 0.0 2.281683216 0.0 
0.0650396885553 0.00064815564995 0.0454963129936 0.00336809453813 0.0260679228692 0.00347226241044 2.2915842061 0.0 2.2915842061 0.0 
0.0657390213645 0.000497690945497 0.0459884984585 0.00240743527124 0.0263511816588 0.00245373210338 2.3014851962 0.0 2.3014851962 0.0 
0.0664383541737 0.000405097281219 0.0464806839234 0.00172455699719 0.0266344404484 0.00174770541326 2.3113861863 0.0 2.3113861863 0.0 
0.0671376869829 0.000277780992836 0.0469728693882 0.00119214342759 0.026917699238 0.00127316288383 2.3212871764 0.0 2.3212871764 0.0 
0.0678370197921 0.000196761536592 0.0474650548531 0.000902788226716 0.0272009580276 0.000902788226716 2.3311881665 0.0 2.3311881665 0.0 
0.0685363526013 0.000115742080348 0.047957240318 0.000636581441915 0.0274842168172 0.000636581441915 2.34108915659 0.0 2.34108915659 0.0 
0.0692356854105 8.10194562437e-05 0.0484494257829 0.000509265153532 0.0277674756068 0.000509265153532 2.35099014669 0.0 2.35099014669 0.0 
0.0699350182198 5.78710401741e-05 0.0489416112478 0.000381948865149 0.0280507343964 0.000324077824975 2.36089113679 0.0 2.36089113679 0.0 
0.070634351029 5.78710401741e-05 0.0494337967127 0.000231484160696 0.028333993186 0.000277780992836 2.37079212689 0.0 2.37079212689 0.0 
0.0713336838382 4.62968321393e-05 0.0499259821776 0.000185187328557 0.0286172519756 0.000185187328557 2.38069311699 0.0 2.38069311699 0.0 
0.0720330166474 4.62968321393e-05 0.0504181676424 0.000104167872313 0.0289005107652 0.000127316288383 2.39059410709 0.0 2.39059410709 0.0 
0.0727323494566 4.62968321393e-05 0.0509103531073 6.94452482088e-05 0.0291837695548 9.25936642785e-05 2.40049509719 0.0 2.40049509719 0.0 
0.0734316822658 2.31484160697e-05 0.0514025385722 5.78710401741e-05 0.0294670283444 3.47226241044e-05 2.41039608729 0.0 2.41039608729 0.0 
0.074131015075 2.31484160697e-05 0.0518947240371 3.47226241044e-05 0.029750287134 2.31484160697e-05 2.42029707739 0.0 2.42029707739 0.0 
0.0748303478842 1.15742080348e-05 0.052386909502 2.31484160697e-05 0.0300335459236 2.31484160697e-05 2.43019806749 0.0 2.43019806749 0.0 
0.0755296806934 0.0 0.0528790949669 0.0 0.0303168047132 0.0 2.44009905758 0.0 2.44009905758 0.0 
0.0762290135026 0.0 0.0533712804317 0.0 0.0306000635028 0.0 2.45000004768 0.0 2.45000004768 0.0 
