x_range mlu lu90 lu50 ahc competitive_ratio 
0 0.0142282135785 0.0140506401658 0.00873866677284 2.0 4.99999952325 
1 0.0671258121729 0.063777603209 0.0506841056049 2.0 4.99999959352 
2 0.0700076296926 0.0663539469242 0.05292949453 2.0 4.99999964302 
3 0.0717545300722 0.0679725036025 0.0543853864074 2.0 4.99999966285 
4 0.0729740262032 0.0691776499152 0.0553943216801 2.0 4.99999967736 
5 0.0740992277861 0.0702702105045 0.0562039464712 2.0 4.99999969021 
6 0.074992403388 0.071160428226 0.0569504797459 2.0 4.99999970158 
7 0.075807094574 0.071968883276 0.0575890131295 2.0 4.99999971486 
8 0.076562717557 0.0726754367352 0.058146238327 2.0 4.9999997295 
9 0.0772441029549 0.0732986927032 0.0586720257998 2.0 4.99999974575 
10 0.0778703168035 0.0738521069288 0.0591345056891 2.0 4.99999976221 
11 0.0784350633621 0.074395544827 0.0595884807408 2.0 4.99999977096 
12 0.0789759457111 0.0749189853668 0.0600552000105 2.0 4.99999977857 
13 0.079506509006 0.0754216238856 0.0604522414505 2.0 4.99999978528 
14 0.080020904541 0.0758721604943 0.0608247481287 2.0 4.9999997912 
15 0.0805006101727 0.076318345964 0.0611934140325 2.0 4.99999979656 
16 0.080937333405 0.0767387971282 0.0615576542914 2.0 4.99999980177 
17 0.0813580527902 0.077121309936 0.0619065612555 2.0 4.99999980707 
18 0.0818063467741 0.0775331184268 0.0622118934989 2.0 4.99999981213 
19 0.0822288542986 0.0779144763947 0.0625395476818 2.0 4.99999981721 
20 0.0826575234532 0.0782975703478 0.0628628283739 2.0 4.99999982288 
21 0.0830562412739 0.0786677896976 0.0631649568677 2.0 4.99999983221 
22 0.0834430158138 0.0790203437209 0.0634660795331 2.0 4.99999984531 
23 0.0838513299823 0.0793926119804 0.0637375488877 2.0 4.99999986902 
24 0.0842222943902 0.0797502696514 0.0640264302492 2.0 4.9999998801 
25 0.0846098959446 0.0800757333636 0.0642948001623 2.0 4.99999988456 
26 0.0849973037839 0.0804352015257 0.0645819753408 2.0 4.99999988781 
27 0.0853459984064 0.0807538926601 0.064851090312 2.0 4.9999998908 
28 0.0857200548053 0.081098690629 0.0651234686375 2.0 4.99999989357 
29 0.0860695168376 0.081431441009 0.0653874650598 2.0 4.9999998959 
30 0.086450189352 0.0817416831851 0.0656393840909 2.0 4.9999998982 
31 0.086813762784 0.0820778906345 0.0659014433622 2.0 4.99999990048 
32 0.0871727988124 0.082413226366 0.0661648288369 2.0 4.99999990278 
33 0.0875334367156 0.0827148258686 0.0664167180657 2.0 4.999999905 
34 0.0878774896264 0.083029307425 0.0666738897562 2.0 4.99999990723 
35 0.088236771524 0.0833373889327 0.066927947104 2.0 4.99999991001 
36 0.08859693259 0.0836521610618 0.0671865344048 2.0 4.99999991292 
37 0.0889076292515 0.0839677602053 0.0674351453781 2.0 4.99999991661 
38 0.0892599746585 0.084275521338 0.0676864236593 2.0 4.99999992172 
39 0.0895933359861 0.0845984518528 0.0679448544979 2.0 4.99999993085 
40 0.0899312272668 0.0848919972777 0.0682113617659 2.0 4.99999993808 
41 0.0902889296412 0.0852275490761 0.0684604272246 2.0 5.0 
42 0.0906350910664 0.0855326429009 0.068711809814 2.0 5.0 
43 0.0909744799137 0.0858615487814 0.0689559429884 2.0 5.0 
44 0.091354586184 0.0861866697669 0.0692092254758 2.0 5.0 
45 0.0917225331068 0.0865240246058 0.0694604516029 2.0 5.0 
46 0.0920762121677 0.0868438407779 0.069711945951 2.0 5.0 
47 0.092416241765 0.0871684774756 0.0699758380651 2.0 5.0 
48 0.0927774384618 0.0874916538596 0.0702319741249 2.0 5.0 
49 0.093132480979 0.0878202691674 0.070501357317 2.0 5.0 
50 0.0934938415885 0.0881675481796 0.0707685872912 2.0 5.0 
51 0.0938747450709 0.0885257348418 0.0710330381989 2.0 5.0 
52 0.0942662656307 0.088874347508 0.0713022947311 2.0 5.0 
53 0.0946367457509 0.0892128497362 0.071592323482 2.0 5.0 
54 0.0950242131948 0.0895554944873 0.0718692243099 2.0 5.0 
55 0.0954082384706 0.0899110138416 0.0721585601568 2.0 5.0 
56 0.0957807451487 0.0902622938156 0.0724511221051 2.0 5.0 
57 0.0961766690016 0.0906139165163 0.0727392286062 2.0 5.0 
58 0.0965639203787 0.0909754112363 0.0730376541615 2.0 5.0 
59 0.096983410418 0.091345384717 0.0733440294862 2.0 5.0 
60 0.0973907709122 0.0917433351278 0.0736729875207 2.0 5.00000006173 
61 0.0977985858917 0.0921200811863 0.0739808529615 2.0 5.00000006863 
62 0.0982107445598 0.0925365835428 0.0742983743548 2.0 5.00000007793 
63 0.0986390411854 0.0929230898619 0.0746442899108 2.0 5.00000008307 
64 0.0990921035409 0.0933142900467 0.0749821066856 2.0 5.00000008685 
65 0.0994916781783 0.0937101095915 0.0753229632974 2.0 5.0000000898 
66 0.0999251231551 0.094136454165 0.075673468411 2.0 5.0000000925 
67 0.100383520126 0.0945661067963 0.0760233849287 2.0 5.0000000949 
68 0.100868798792 0.0949870124459 0.076388694346 2.0 5.00000009729 
69 0.101338453591 0.0954279750586 0.0767543464899 2.0 5.00000009966 
70 0.101859867573 0.0959198698401 0.0771405622363 2.0 5.00000010189 
71 0.102372534573 0.0964016765356 0.0775263980031 2.0 5.00000010418 
72 0.102904424071 0.0968717336655 0.0779135227203 2.0 5.00000010656 
73 0.103477224708 0.0973780527711 0.0783189311624 2.0 5.00000010905 
74 0.10402725637 0.0978724509478 0.0787658169866 2.0 5.00000011177 
75 0.104594476521 0.0983987227082 0.0792121887207 2.0 5.00000011479 
76 0.105218961835 0.0989793613553 0.0796696767211 2.0 5.0000001186 
77 0.105847224593 0.0995605885983 0.0801713094115 2.0 5.00000012818 
78 0.106534585357 0.100162535906 0.0806782096624 2.0 5.00000015156 
79 0.107216134667 0.100789785385 0.0812129080296 2.0 5.000000167 
80 0.107968188822 0.101436242461 0.0817262902856 2.0 5.00000017727 
81 0.108751095831 0.10211648047 0.0823114961386 2.0 5.00000018283 
82 0.109599843621 0.102848798037 0.0829092562199 2.0 5.00000018785 
83 0.110426642001 0.10360493511 0.0835481882095 2.0 5.00000019311 
84 0.111334905028 0.104427203536 0.0842348262668 2.0 5.0000001983 
85 0.112333148718 0.105314746499 0.0849533602595 2.0 5.00000020373 
86 0.113466210663 0.106231600046 0.0857637301087 2.0 5.00000020911 
87 0.114637732506 0.107261762023 0.086600586772 2.0 5.00000021524 
88 0.115896105766 0.10841935873 0.08756698668 2.0 5.00000022176 
89 0.1172394678 0.109578929842 0.0886159986258 2.0 5.00000022905 
90 0.118765547872 0.110944747925 0.0897811204195 2.0 5.00000023777 
91 0.120418109 0.112663708627 0.0910731703043 2.0 5.00000025399 
92 0.122464507818 0.114426828921 0.0925410687923 2.0 5.00000027016 
93 0.124912798405 0.116547837853 0.0942545831203 2.0 5.00000028513 
94 0.127717703581 0.118927225471 0.0962623730302 2.0 5.00000029853 
95 0.131046295166 0.122114509344 0.0987811163068 2.0 5.00000031077 
96 0.135009139776 0.125764399767 0.101669996977 2.0 5.00000032386 
97 0.139475286007 0.130096271634 0.105202905834 2.0 5.00000033764 
98 0.145799711347 0.135413229465 0.109496079385 2.0 5.00000035609 
99 0.154104292393 0.142404288054 0.11472991854 2.0 5.00000040376 
100 0.223840981722 0.18718624115 0.142282620072 2.0 5.00000047682 
