mlu_x mlu_y lu90_x lu90_y lu50_x lu50_y ahc_x ahc_y 
0.00284564262256 3.47226241044e-05 0.00284564262256 3.47226241044e-05 0.0 0.992881862059 0.5 0.0 0.5 0.0 
0.00326071740451 8.10194562437e-05 0.00326071740451 8.10194562437e-05 0.000183621071058 0.992881862059 0.509900990099 0.0 0.509900990099 0.0 
0.00367579218646 0.000115742080348 0.00367579218646 0.000115742080348 0.000367242142115 0.992881862059 0.519801980198 0.0 0.519801980198 0.0 
0.0040908669684 0.000150464704453 0.0040908669684 0.000150464704453 0.000550863213173 0.992881862059 0.529702970297 0.0 0.529702970297 0.0 
0.00450594175035 0.000173613120522 0.00450594175035 0.000173613120522 0.000734484284231 0.992881862059 0.539603960396 0.0 0.539603960396 0.0 
0.0049210165323 0.000254632576766 0.0049210165323 0.000254632576766 0.000918105355289 0.992881862059 0.549504950495 0.0 0.549504950495 0.0 
0.00533609131425 0.00028935520087 0.00533609131425 0.00028935520087 0.00110172642635 0.992881862059 0.559405940594 0.0 0.559405940594 0.0 
0.0057511660962 0.000370374657114 0.0057511660962 0.000370374657114 0.0012853474974 0.992881862059 0.569306930693 0.0 0.569306930693 0.0 
0.00616624087814 0.000428245697288 0.00616624087814 0.000428245697288 0.00146896856846 0.992881862059 0.579207920792 0.0 0.579207920792 0.0 
0.00658131566009 0.000543987777636 0.00658131566009 0.000543987777636 0.00165258963952 0.992881862059 0.589108910891 0.0 0.589108910891 0.0 
0.00699639044204 0.00064815564995 0.00699639044204 0.00064815564995 0.00183621071058 0.992881862059 0.59900990099 0.0 0.59900990099 0.0 
0.00741146522399 0.000717600898159 0.00741146522399 0.000717600898159 0.00201983178164 0.992881862059 0.608910891089 0.0 0.608910891089 0.0 
0.00782654000594 0.000787046146367 0.00782654000594 0.000787046146367 0.00220345285269 0.992881862059 0.618811881188 0.0 0.618811881188 0.0 
0.00824161478789 0.000879639810646 0.00824161478789 0.000879639810646 0.00238707392375 0.992881862059 0.628712871287 0.0 0.628712871287 0.0 
0.00865668956983 0.000972233474924 0.00865668956983 0.000972233474924 0.00257069499481 0.992881862059 0.638613861386 0.0 0.638613861386 0.0 
0.00907176435178 0.00105325293117 0.00907176435178 0.00105325293117 0.00275431606587 0.992881862059 0.648514851485 0.0 0.648514851485 0.0 
0.00948683913373 0.00108797555527 0.00948683913373 0.00108797555527 0.00293793713692 0.992881862059 0.658415841584 0.0 0.658415841584 0.0 
0.00990191391568 0.00120371763562 0.00990191391568 0.00120371763562 0.00312155820798 0.992881862059 0.668316831683 0.0 0.668316831683 0.0 
0.0103169886976 0.0012963112999 0.0103169886976 0.0012963112999 0.00330517927904 0.992881862059 0.678217821782 0.0 0.678217821782 0.0 
0.0107320634796 0.00150464704453 0.0107320634796 0.00150464704453 0.0034888003501 0.992881862059 0.688118811881 0.0 0.688118811881 0.0 
0.0111471382615 0.0018287248695 0.0111471382615 0.0018287248695 0.00367242142115 0.992881862059 0.69801980198 0.0 0.69801980198 0.0 
0.0115622130435 0.00229169319089 0.0115622130435 0.00229169319089 0.00385604249221 0.992881862059 0.707920792079 0.0 0.707920792079 0.0 
0.0119772878254 0.00310188775333 0.0119772878254 0.00310188775333 0.00403966356327 0.992881862059 0.717821782178 0.0 0.717821782178 0.0 
0.0123923626074 0.00494218683087 0.0123923626074 0.00494218683087 0.00422328463433 0.992881862059 0.727722772277 0.0 0.727722772277 0.0 
0.0128074373893 0.0078125904235 0.0128074373893 0.0078125904235 0.00440690570539 0.992881862059 0.737623762376 0.0 0.737623762376 0.0 
0.0132225121713 0.012951538791 0.0132225121713 0.012951538791 0.00459052677644 0.992881862059 0.747524752475 0.0 0.747524752475 0.0 
0.0136375869532 0.0213081169921 0.0136375869532 0.0213081169921 0.0047741478475 0.992881862059 0.757425742574 0.0 0.757425742574 0.0 
0.0140526617352 0.0343291010313 0.0140526617352 0.0343291010313 0.00495776891856 0.992881862059 0.767326732673 0.0 0.767326732673 0.0 
0.0144677365171 0.0534728411208 0.0144677365171 0.0534728411208 0.00514138998962 0.992881862059 0.777227722772 0.0 0.777227722772 0.0 
0.0148828112991 0.0789823956296 0.0148828112991 0.0789823956296 0.00532501106067 0.992881862059 0.787128712871 0.0 0.787128712871 0.0 
0.015297886081 0.112188798481 0.015297886081 0.112188798481 0.00550863213173 0.992881862059 0.79702970297 0.0 0.79702970297 0.0 
0.015712960863 0.153219365965 0.015712960863 0.153219365965 0.00569225320279 0.992881862059 0.806930693069 0.0 0.806930693069 0.0 
0.0161280356449 0.201344922974 0.0161280356449 0.201344922974 0.00587587427385 0.992881862059 0.816831683168 0.0 0.816831683168 0.0 
0.0165431104268 0.255072396671 0.0165431104268 0.255072396671 0.00605949534491 0.992881862059 0.826732673267 0.0 0.826732673267 0.0 
0.0169581852088 0.311519809257 0.0169581852088 0.311519809257 0.00624311641596 0.992881862059 0.836633663366 0.0 0.836633663366 0.0 
0.0173732599907 0.370999664348 0.0173732599907 0.370999664348 0.00642673748702 0.992881862059 0.846534653465 0.0 0.846534653465 0.0 
0.0177883347727 0.431127675089 0.0177883347727 0.431127675089 0.00661035855808 0.992881862059 0.856435643564 0.0 0.856435643564 0.0 
0.0182034095546 0.488767231102 0.0182034095546 0.488767231102 0.00679397962914 0.992881862059 0.866336633663 0.0 0.866336633663 0.0 
0.0186184843366 0.543837312932 0.0186184843366 0.543837312932 0.00697760070019 0.992881862059 0.876237623762 0.0 0.876237623762 0.0 
0.0190335591185 0.596488385282 0.0190335591185 0.596488385282 0.00716122177125 0.992881862059 0.886138613861 0.0 0.886138613861 0.0 
0.0194486339005 0.645644046806 0.0194486339005 0.645644046806 0.00734484284231 0.992881862059 0.89603960396 0.0 0.89603960396 0.0 
0.0198637086824 0.691003368095 0.0198637086824 0.691003368095 0.00752846391337 0.992881862059 0.905940594059 0.0 0.905940594059 0.0 
0.0202787834644 0.729800113427 0.0202787834644 0.729800113427 0.00771208498443 0.992881862059 0.915841584158 0.0 0.915841584158 0.0 
0.0206938582463 0.765344506302 0.0206938582463 0.765344506302 0.00789570605548 0.992881862059 0.925742574257 0.0 0.925742574257 0.0 
0.0211089330283 0.795240685656 0.0211089330283 0.795240685656 0.00807932712654 0.992881862059 0.935643564356 0.0 0.935643564356 0.0 
0.0215240078102 0.821409970023 0.0215240078102 0.821409970023 0.0082629481976 0.992881862059 0.945544554455 0.0 0.945544554455 0.0 
0.0219390825922 0.844141714603 0.0219390825922 0.844141714603 0.00844656926866 0.992881862059 0.955445544554 0.0 0.955445544554 0.0 
0.0223541573741 0.863262306277 0.0223541573741 0.863262306277 0.00863019033971 0.992881862059 0.965346534653 0.0 0.965346534653 0.0 
0.0227692321561 0.880195372632 0.0227692321561 0.880195372632 0.00881381141077 0.992881862059 0.975247524752 0.0 0.975247524752 0.0 
0.023184306938 0.895369159365 0.023184306938 0.895369159365 0.00899743248183 0.992881862059 0.985148514851 0.0 0.985148514851 0.0 
0.02359938172 0.907973471915 0.02359938172 0.907973471915 0.00918105355289 0.992881862059 0.99504950495 1.0 0.99504950495 1.0 
0.0240144565019 0.918540723851 0.0240144565019 0.918540723851 0.00936467462394 0.992881862059 1.00495049505 1.0 1.00495049505 1.0 
0.0244295312839 0.927337121957 0.0244295312839 0.927337121957 0.009548295695 0.992881862059 1.01485148515 1.0 1.01485148515 1.0 
0.0248446060658 0.93539277075 0.0248446060658 0.93539277075 0.00973191676606 0.992881862059 1.02475247525 1.0 1.02475247525 1.0 
0.0252596808478 0.94199006933 0.0252596808478 0.94199006933 0.00991553783712 0.992893436267 1.03465346535 1.0 1.03465346535 1.0 
0.0256747556297 0.948332735333 0.0256747556297 0.948332735333 0.0100991589082 0.992893436267 1.04455445545 1.0 1.04455445545 1.0 
0.0260898304117 0.953876780981 0.0260898304117 0.953876780981 0.0102827799792 0.992893436267 1.05445544554 1.0 1.05445544554 1.0 
0.0265049051936 0.959096748805 0.0265049051936 0.959096748805 0.0104664010503 0.992893436267 1.06435643564 1.0 1.06435643564 1.0 
0.0269199799755 0.96407365826 0.0269199799755 0.96407365826 0.0106500221213 0.992893436267 1.07425742574 1.0 1.07425742574 1.0 
0.0273350547575 0.968217224736 0.0273350547575 0.968217224736 0.0108336431924 0.992905010475 1.08415841584 1.0 1.08415841584 1.0 
0.0277501295394 0.972511255917 0.0277501295394 0.972511255917 0.0110172642635 0.992951307307 1.09405940594 1.0 1.09405940594 1.0 
0.0281652043214 0.975821479415 0.0281652043214 0.975821479415 0.0112008853345 0.992962881515 1.10396039604 1.0 1.10396039604 1.0 
0.0285802791033 0.978900218753 0.0285802791033 0.978900218753 0.0113845064056 0.992974455723 1.11386138614 1.0 1.11386138614 1.0 
0.0289953538853 0.982106274378 0.0289953538853 0.982106274378 0.0115681274766 0.992986029931 1.12376237624 1.0 1.12376237624 1.0 
0.0294104286672 0.984617877522 0.0294104286672 0.984617877522 0.0117517485477 0.993020752555 1.13366336634 1.0 1.13366336634 1.0 
0.0298255034492 0.986828551256 0.0298255034492 0.986828551256 0.0119353696188 0.993090197803 1.14356435644 1.0 1.14356435644 1.0 
0.0302405782311 0.989178115487 0.0302405782311 0.989178115487 0.0121189906898 0.993148068843 1.15346534653 1.0 1.15346534653 1.0 
0.0306556530131 0.990995266149 0.0306556530131 0.990995266149 0.0123026117609 0.993205939884 1.16336633663 1.0 1.16336633663 1.0 
0.031070727795 0.992685100522 0.031070727795 0.992685100522 0.0124862328319 0.993263810924 1.17326732673 1.0 1.17326732673 1.0 
0.031485802577 0.993969837614 0.031485802577 0.993969837614 0.012669853903 0.993356404588 1.18316831683 1.0 1.18316831683 1.0 
0.0319008773589 0.994953645297 0.0319008773589 0.994953645297 0.012853474974 0.993414275628 1.19306930693 1.0 1.19306930693 1.0 
0.0323159521409 0.99587958194 0.0323159521409 0.99587958194 0.0130370960451 0.993472146668 1.20297029703 1.0 1.20297029703 1.0 
0.0327310269228 0.996770795958 0.0327310269228 0.996770795958 0.0132207171162 0.993668908205 1.21287128713 1.0 1.21287128713 1.0 
0.0331461017048 0.997453674232 0.0331461017048 0.997453674232 0.0134043381872 0.993854095534 1.22277227723 1.0 1.22277227723 1.0 
0.0335611764867 0.99799766201 0.0335611764867 0.99799766201 0.0135879592583 0.99410872811 1.23267326733 1.0 1.23267326733 1.0 
0.0339762512687 0.998460630331 0.0339762512687 0.998460630331 0.0137715803293 0.994293915439 1.24257425743 1.0 1.24257425743 1.0 
0.0343913260506 0.998807856572 0.0343913260506 0.998807856572 0.0139552014004 0.994571696432 1.25247524752 1.0 1.25247524752 1.0 
0.0348064008326 0.999027766525 0.0348064008326 0.999027766525 0.0141388224714 0.994791606384 1.26237623762 1.0 1.26237623762 1.0 
0.0352214756145 0.999224528062 0.0352214756145 0.999224528062 0.0143224435425 0.995023090545 1.27227722772 1.0 1.27227722772 1.0 
0.0356365503965 0.999386566974 0.0356365503965 0.999386566974 0.0145060646136 0.995520781491 1.28217821782 1.0 1.28217821782 1.0 
0.0360516251784 0.999548605887 0.0360516251784 0.999548605887 0.0146896856846 0.996030046644 1.29207920792 1.0 1.29207920792 1.0 
0.0364666999604 0.999629625343 0.0364666999604 0.999629625343 0.0148733067557 0.996458292341 1.30198019802 1.0 1.30198019802 1.0 
0.0368817747423 0.999710644799 0.0368817747423 0.999710644799 0.0150569278267 0.996967557495 1.31188118812 1.0 1.31188118812 1.0 
0.0372968495243 0.999791664255 0.0372968495243 0.999791664255 0.0152405488978 0.99734950636 1.32178217822 1.0 1.32178217822 1.0 
0.0377119243062 0.999814812671 0.0377119243062 0.999814812671 0.0154241699689 0.997893494138 1.33168316832 1.0 1.33168316832 1.0 
0.0381269990881 0.999826386879 0.0381269990881 0.999826386879 0.0156077910399 0.998333314043 1.34158415842 1.0 1.34158415842 1.0 
0.0385420738701 0.999872683712 0.0385420738701 0.999872683712 0.015791412111 0.998680540284 1.35148514851 1.0 1.35148514851 1.0 
0.038957148652 0.999918980544 0.038957148652 0.999918980544 0.015975033182 0.998900450237 1.36138613861 1.0 1.36138613861 1.0 
0.039372223434 0.99994212896 0.039372223434 0.99994212896 0.0161586542531 0.999120360189 1.37128712871 1.0 1.37128712871 1.0 
0.0397872982159 0.999953703168 0.0397872982159 0.999953703168 0.0163422753241 0.99929397331 1.38118811881 1.0 1.38118811881 1.0 
0.0402023729979 0.999953703168 0.0402023729979 0.999953703168 0.0165258963952 0.99946758643 1.39108910891 1.0 1.39108910891 1.0 
0.0406174477798 0.999953703168 0.0406174477798 0.999953703168 0.0167095174663 0.999513883263 1.40099009901 1.0 1.40099009901 1.0 
0.0410325225618 0.999953703168 0.0410325225618 0.999953703168 0.0168931385373 0.999571754303 1.41089108911 1.0 1.41089108911 1.0 
0.0414475973437 0.999965277376 0.0414475973437 0.999965277376 0.0170767596084 0.999722219007 1.42079207921 1.0 1.42079207921 1.0 
0.0418626721257 0.999988425792 0.0418626721257 0.999988425792 0.0172603806794 0.999826386879 1.43069306931 1.0 1.43069306931 1.0 
0.0422777469076 0.999988425792 0.0422777469076 0.999988425792 0.0174440017505 0.999837961088 1.44059405941 1.0 1.44059405941 1.0 
0.0426928216896 0.999988425792 0.0426928216896 0.999988425792 0.0176276228215 0.999861109504 1.4504950495 1.0 1.4504950495 1.0 
0.0431078964715 0.999988425792 0.0431078964715 0.999988425792 0.0178112438926 0.999907406336 1.4603960396 1.0 1.4603960396 1.0 
0.0435229712535 0.999988425792 0.0435229712535 0.999988425792 0.0179948649637 0.999953703168 1.4702970297 1.0 1.4702970297 1.0 
0.0439380460354 0.999988425792 0.0439380460354 0.999988425792 0.0181784860347 0.999953703168 1.4801980198 1.0 1.4801980198 1.0 
0.0443531208174 1.0 0.0443531208174 1.0 0.0183621071058 1.0 1.4900990099 1.0 1.4900990099 1.0 
0.0447681955993 1 0.0447681955993 1 0.0185457281768 1 1.5 1 1.5 1 
