x_range mlu lu90 lu50 ahc competitive_ratio 
0 0.00284564262256 0.00284564262256 0.0 1.0 1.0 
1 0.0134251629934 0.0134251629934 0.0 1.0 1.0 
2 0.0140015250072 0.0140015250072 0.0 1.0 1.0 
3 0.0143509069458 0.0143509069458 0.0 1.0 1.0 
4 0.0145948054269 0.0145948054269 0.0 1.0 1.0 
5 0.0148198455572 0.0148198455572 0.0 1.0 1.0 
6 0.0149984797463 0.0149984797463 0.0 1.0 1.0 
7 0.015161418356 0.015161418356 0.0 1.0 1.0 
8 0.0153125440702 0.0153125440702 0.0 1.0 1.0 
9 0.0154488217086 0.0154488217086 0.0 1.0 1.0 
10 0.0155740641057 0.0155740641057 0.0 1.0 1.0 
11 0.015687013045 0.015687013045 0.0 1.0 1.0 
12 0.0157951898873 0.0157951898873 0.0 1.0 1.0 
13 0.0159013010561 0.0159013010561 0.0 1.0 1.0 
14 0.0160041805357 0.0160041805357 0.0 1.0 1.0 
15 0.0161001235247 0.0161001235247 0.0 1.0 1.0 
16 0.016187466681 0.016187466681 0.0 1.0 1.0 
17 0.016271609813 0.016271609813 0.0 1.0 1.0 
18 0.0163612700999 0.0163612700999 0.0 1.0 1.0 
19 0.0164457708597 0.0164457708597 0.0 1.0 1.0 
20 0.0165315046906 0.0165315046906 0.0 1.0 1.0 
21 0.0166112482548 0.0166112482548 0.0 1.0 1.0 
22 0.0166886020452 0.0166886020452 0.0 1.0 1.0 
23 0.0167702659965 0.0167702659965 0.0 1.0 1.0 
24 0.016844458878 0.016844458878 0.0 1.0 1.0 
25 0.0169219784439 0.0169219784439 0.0 1.0 1.0 
26 0.0169994607568 0.0169994607568 0.0 1.0 1.0 
27 0.0170692000538 0.0170692000538 0.0 1.0 1.0 
28 0.0171440113336 0.0171440113336 0.0 1.0 1.0 
29 0.0172139033675 0.0172139033675 0.0 1.0 1.0 
30 0.0172900371253 0.0172900371253 0.0 1.0 1.0 
31 0.0173627529293 0.0173627529293 0.0 1.0 1.0 
32 0.0174345597625 0.0174345597625 0.0 1.0 1.0 
33 0.0175066888332 0.0175066888332 0.0 1.0 1.0 
34 0.0175754986703 0.0175754986703 0.0 1.0 1.0 
35 0.0176473539323 0.0176473539323 0.0 1.0 1.0 
36 0.0177193861455 0.0177193861455 0.0 1.0 1.0 
37 0.0177815258503 0.0177815258503 0.0 1.0 1.0 
38 0.0178519953042 0.0178519953042 0.0 1.0 1.0 
39 0.0179186668247 0.0179186668247 0.0 1.0 1.0 
40 0.0179862454534 0.0179862454534 0.0 1.0 1.0 
41 0.0180577859282 0.0180577859282 0.0 1.0 1.0 
42 0.0181270185858 0.0181270185858 0.0 1.0 1.0 
43 0.0181948952377 0.0181948952377 0.0 1.0 1.0 
44 0.0182709172368 0.0182709172368 0.0 1.0 1.0 
45 0.0183445066214 0.0183445066214 0.0 1.0 1.0 
46 0.0184152424335 0.0184152424335 0.0 1.0 1.0 
47 0.0184832476079 0.0184832476079 0.0 1.0 1.0 
48 0.0185554884374 0.0185554884374 0.0 1.0 1.0 
49 0.0186264961958 0.0186264961958 0.0 1.0 1.0 
50 0.0186987686902 0.0186987686902 0.0 1.0 1.0 
51 0.0187749490142 0.0187749490142 0.0 1.0 1.0 
52 0.0188532527536 0.0188532527536 0.0 1.0 1.0 
53 0.0189273487777 0.0189273487777 0.0 1.0 1.0 
54 0.0190048422664 0.0190048422664 0.0 1.0 1.0 
55 0.0190816484392 0.0190816484392 0.0 1.0 1.0 
56 0.0191561486572 0.0191561486572 0.0 1.0 1.0 
57 0.0192353334278 0.0192353334278 0.0 1.0 1.0 
58 0.0193127840757 0.0193127840757 0.0 1.0 1.0 
59 0.0193966832012 0.0193966832012 0.0 1.0 1.0 
60 0.0194781553 0.0194781553 0.0 1.0 1.0 
61 0.0195597168058 0.0195597168058 0.0 1.0 1.0 
62 0.0196421500295 0.0196421500295 0.0 1.0 1.0 
63 0.019727807492 0.019727807492 0.0 1.0 1.0 
64 0.0198184214532 0.0198184214532 0.0 1.0 1.0 
65 0.0198983363807 0.0198983363807 0.0 1.0 1.0 
66 0.019985023886 0.019985023886 0.0 1.0 1.0 
67 0.0200767032802 0.0200767032802 0.0 1.0 1.0 
68 0.020173760131 0.020173760131 0.0 1.0 1.0 
69 0.0202676914632 0.0202676914632 0.0 1.0 1.0 
70 0.0203719735146 0.0203719735146 0.0 1.0 1.0 
71 0.0204745065421 0.0204745065421 0.0 1.0 1.0 
72 0.0205808859318 0.0205808859318 0.0 1.0 1.0 
73 0.0206954460591 0.0206954460591 0.0 1.0 1.0 
74 0.0208054501563 0.0208054501563 0.0 1.0 1.0 
75 0.0209188964218 0.0209188964218 0.0 1.0 1.0 
76 0.021043792367 0.021043792367 0.0 1.0 1.0 
77 0.0211694445461 0.0211694445461 0.0 1.0 1.0 
78 0.0213069170713 0.0213069170713 0.0 1.0 1.0 
79 0.021443227306 0.021443227306 0.0 1.0 1.0 
80 0.0215936377645 0.0215936377645 0.0 1.0 1.0 
81 0.0217502191663 0.0217502191663 0.0 1.0 1.0 
82 0.0219199676067 0.0219199676067 0.0 1.0 1.0 
83 0.0220853276551 0.0220853276551 0.0 1.0 1.0 
84 0.0222669821233 0.0222669821233 0.0 1.0 1.0 
85 0.0224666297436 0.0224666297436 0.0 1.0 1.0 
86 0.0226932428777 0.0226932428777 0.0 1.0 1.0 
87 0.0229275468737 0.0229275468737 0.0 1.0 1.0 
88 0.0231792218983 0.0231792218983 0.0 1.0 1.0 
89 0.0234478935599 0.0234478935599 0.0 1.0 1.0 
90 0.0237531084567 0.0237531084567 0.0 1.0 1.0 
91 0.0240836217999 0.0240836217999 0.0 1.0 1.0 
92 0.0244929008186 0.0244929008186 0.0 1.0 1.0 
93 0.024982560426 0.024982560426 0.0 1.0 1.0 
94 0.0255435407162 0.0255435407162 0.0 1.0 1.0 
95 0.0262092594057 0.0262092594057 0.0 1.0 1.0 
96 0.0270018298179 0.0270018298179 0.0 1.0 1.0 
97 0.0278950557113 0.0278950557113 0.0 1.0 1.0 
98 0.0291599407792 0.0291599407792 0.0 1.0 1.0 
99 0.0308208595961 0.0308208595961 0.0 1.0 1.0 
100 0.0447681955993 0.0447681955993 0.0185457281768 1.0 1.0 
