mlu_x mlu_y lu90_x lu90_y lu50_x lu50_y ahc_x ahc_y competitive_ratio_x competitive_ratio_y 
0.00284564262256 0.999965277376 0.00284564262256 0.999965277376 0.0 0.00711813794141 0.5 1.0 0.5 1.0 
0.00326071740451 0.999918980544 0.00326071740451 0.999918980544 0.000183621071058 0.00711813794141 0.509900990099 1.0 0.509900990099 1.0 
0.00367579218646 0.99988425792 0.00367579218646 0.99988425792 0.000367242142115 0.00711813794141 0.519801980198 1.0 0.519801980198 1.0 
0.0040908669684 0.999849535296 0.0040908669684 0.999849535296 0.000550863213173 0.00711813794141 0.529702970297 1.0 0.529702970297 1.0 
0.00450594175035 0.999826386879 0.00450594175035 0.999826386879 0.000734484284231 0.00711813794141 0.539603960396 1.0 0.539603960396 1.0 
0.0049210165323 0.999745367423 0.0049210165323 0.999745367423 0.000918105355289 0.00711813794141 0.549504950495 1.0 0.549504950495 1.0 
0.00533609131425 0.999710644799 0.00533609131425 0.999710644799 0.00110172642635 0.00711813794141 0.559405940594 1.0 0.559405940594 1.0 
0.0057511660962 0.999629625343 0.0057511660962 0.999629625343 0.0012853474974 0.00711813794141 0.569306930693 1.0 0.569306930693 1.0 
0.00616624087814 0.999571754303 0.00616624087814 0.999571754303 0.00146896856846 0.00711813794141 0.579207920792 1.0 0.579207920792 1.0 
0.00658131566009 0.999456012222 0.00658131566009 0.999456012222 0.00165258963952 0.00711813794141 0.589108910891 1.0 0.589108910891 1.0 
0.00699639044204 0.99935184435 0.00699639044204 0.99935184435 0.00183621071058 0.00711813794141 0.59900990099 1.0 0.59900990099 1.0 
0.00741146522399 0.999282399102 0.00741146522399 0.999282399102 0.00201983178164 0.00711813794141 0.608910891089 1.0 0.608910891089 1.0 
0.00782654000594 0.999212953854 0.00782654000594 0.999212953854 0.00220345285269 0.00711813794141 0.618811881188 1.0 0.618811881188 1.0 
0.00824161478789 0.999120360189 0.00824161478789 0.999120360189 0.00238707392375 0.00711813794141 0.628712871287 1.0 0.628712871287 1.0 
0.00865668956983 0.999027766525 0.00865668956983 0.999027766525 0.00257069499481 0.00711813794141 0.638613861386 1.0 0.638613861386 1.0 
0.00907176435178 0.998946747069 0.00907176435178 0.998946747069 0.00275431606587 0.00711813794141 0.648514851485 1.0 0.648514851485 1.0 
0.00948683913373 0.998912024445 0.00948683913373 0.998912024445 0.00293793713692 0.00711813794141 0.658415841584 1.0 0.658415841584 1.0 
0.00990191391568 0.998796282364 0.00990191391568 0.998796282364 0.00312155820798 0.00711813794141 0.668316831683 1.0 0.668316831683 1.0 
0.0103169886976 0.9987036887 0.0103169886976 0.9987036887 0.00330517927904 0.00711813794141 0.678217821782 1.0 0.678217821782 1.0 
0.0107320634796 0.998495352955 0.0107320634796 0.998495352955 0.0034888003501 0.00711813794141 0.688118811881 1.0 0.688118811881 1.0 
0.0111471382615 0.99817127513 0.0111471382615 0.99817127513 0.00367242142115 0.00711813794141 0.69801980198 1.0 0.69801980198 1.0 
0.0115622130435 0.997708306809 0.0115622130435 0.997708306809 0.00385604249221 0.00711813794141 0.707920792079 1.0 0.707920792079 1.0 
0.0119772878254 0.996898112247 0.0119772878254 0.996898112247 0.00403966356327 0.00711813794141 0.717821782178 1.0 0.717821782178 1.0 
0.0123923626074 0.995057813169 0.0123923626074 0.995057813169 0.00422328463433 0.00711813794141 0.727722772277 1.0 0.727722772277 1.0 
0.0128074373893 0.992187409576 0.0128074373893 0.992187409576 0.00440690570539 0.00711813794141 0.737623762376 1.0 0.737623762376 1.0 
0.0132225121713 0.987048461209 0.0132225121713 0.987048461209 0.00459052677644 0.00711813794141 0.747524752475 1.0 0.747524752475 1.0 
0.0136375869532 0.978691883008 0.0136375869532 0.978691883008 0.0047741478475 0.00711813794141 0.757425742574 1.0 0.757425742574 1.0 
0.0140526617352 0.965670898969 0.0140526617352 0.965670898969 0.00495776891856 0.00711813794141 0.767326732673 1.0 0.767326732673 1.0 
0.0144677365171 0.946527158879 0.0144677365171 0.946527158879 0.00514138998962 0.00711813794141 0.777227722772 1.0 0.777227722772 1.0 
0.0148828112991 0.92101760437 0.0148828112991 0.92101760437 0.00532501106067 0.00711813794141 0.787128712871 1.0 0.787128712871 1.0 
0.015297886081 0.887811201519 0.015297886081 0.887811201519 0.00550863213173 0.00711813794141 0.79702970297 1.0 0.79702970297 1.0 
0.015712960863 0.846780634035 0.015712960863 0.846780634035 0.00569225320279 0.00711813794141 0.806930693069 1.0 0.806930693069 1.0 
0.0161280356449 0.798655077026 0.0161280356449 0.798655077026 0.00587587427385 0.00711813794141 0.816831683168 1.0 0.816831683168 1.0 
0.0165431104268 0.744927603329 0.0165431104268 0.744927603329 0.00605949534491 0.00711813794141 0.826732673267 1.0 0.826732673267 1.0 
0.0169581852088 0.688480190743 0.0169581852088 0.688480190743 0.00624311641596 0.00711813794141 0.836633663366 1.0 0.836633663366 1.0 
0.0173732599907 0.629000335652 0.0173732599907 0.629000335652 0.00642673748702 0.00711813794141 0.846534653465 1.0 0.846534653465 1.0 
0.0177883347727 0.568872324911 0.0177883347727 0.568872324911 0.00661035855808 0.00711813794141 0.856435643564 1.0 0.856435643564 1.0 
0.0182034095546 0.511232768898 0.0182034095546 0.511232768898 0.00679397962914 0.00711813794141 0.866336633663 1.0 0.866336633663 1.0 
0.0186184843366 0.456162687068 0.0186184843366 0.456162687068 0.00697760070019 0.00711813794141 0.876237623762 1.0 0.876237623762 1.0 
0.0190335591185 0.403511614718 0.0190335591185 0.403511614718 0.00716122177125 0.00711813794141 0.886138613861 1.0 0.886138613861 1.0 
0.0194486339005 0.354355953194 0.0194486339005 0.354355953194 0.00734484284231 0.00711813794141 0.89603960396 1.0 0.89603960396 1.0 
0.0198637086824 0.308996631905 0.0198637086824 0.308996631905 0.00752846391337 0.00711813794141 0.905940594059 1.0 0.905940594059 1.0 
0.0202787834644 0.270199886573 0.0202787834644 0.270199886573 0.00771208498443 0.00711813794141 0.915841584158 1.0 0.915841584158 1.0 
0.0206938582463 0.234655493698 0.0206938582463 0.234655493698 0.00789570605548 0.00711813794141 0.925742574257 1.0 0.925742574257 1.0 
0.0211089330283 0.204759314344 0.0211089330283 0.204759314344 0.00807932712654 0.00711813794141 0.935643564356 1.0 0.935643564356 1.0 
0.0215240078102 0.178590029977 0.0215240078102 0.178590029977 0.0082629481976 0.00711813794141 0.945544554455 1.0 0.945544554455 1.0 
0.0219390825922 0.155858285397 0.0219390825922 0.155858285397 0.00844656926866 0.00711813794141 0.955445544554 1.0 0.955445544554 1.0 
0.0223541573741 0.136737693723 0.0223541573741 0.136737693723 0.00863019033971 0.00711813794141 0.965346534653 1.0 0.965346534653 1.0 
0.0227692321561 0.119804627368 0.0227692321561 0.119804627368 0.00881381141077 0.00711813794141 0.975247524752 1.0 0.975247524752 1.0 
0.023184306938 0.104630840635 0.023184306938 0.104630840635 0.00899743248183 0.00711813794141 0.985148514851 1.0 0.985148514851 1.0 
0.02359938172 0.0920265280848 0.02359938172 0.0920265280848 0.00918105355289 0.00711813794141 0.99504950495 0.0 0.99504950495 0.0 
0.0240144565019 0.081459276149 0.0240144565019 0.081459276149 0.00936467462394 0.00711813794141 1.00495049505 0.0 1.00495049505 0.0 
0.0244295312839 0.0726628780426 0.0244295312839 0.0726628780426 0.009548295695 0.00711813794141 1.01485148515 0.0 1.01485148515 0.0 
0.0248446060658 0.0646072292503 0.0248446060658 0.0646072292503 0.00973191676606 0.00711813794141 1.02475247525 0.0 1.02475247525 0.0 
0.0252596808478 0.0580099306705 0.0252596808478 0.0580099306705 0.00991553783712 0.00710656373338 1.03465346535 0.0 1.03465346535 0.0 
0.0256747556297 0.0516672646674 0.0256747556297 0.0516672646674 0.0100991589082 0.00710656373338 1.04455445545 0.0 1.04455445545 0.0 
0.0260898304117 0.0461232190187 0.0260898304117 0.0461232190187 0.0102827799792 0.00710656373338 1.05445544554 0.0 1.05445544554 0.0 
0.0265049051936 0.040903251195 0.0265049051936 0.040903251195 0.0104664010503 0.00710656373338 1.06435643564 0.0 1.06435643564 0.0 
0.0269199799755 0.0359263417401 0.0269199799755 0.0359263417401 0.0106500221213 0.00710656373338 1.07425742574 0.0 1.07425742574 0.0 
0.0273350547575 0.0317827752636 0.0273350547575 0.0317827752636 0.0108336431924 0.00709498952534 1.08415841584 0.0 1.08415841584 0.0 
0.0277501295394 0.0274887440827 0.0277501295394 0.0274887440827 0.0110172642635 0.0070486926932 1.09405940594 0.0 1.09405940594 0.0 
0.0281652043214 0.0241785205847 0.0281652043214 0.0241785205847 0.0112008853345 0.00703711848517 1.10396039604 0.0 1.10396039604 0.0 
0.0285802791033 0.0210997812475 0.0285802791033 0.0210997812475 0.0113845064056 0.00702554427713 1.11386138614 0.0 1.11386138614 0.0 
0.0289953538853 0.0178937256218 0.0289953538853 0.0178937256218 0.0115681274766 0.0070139700691 1.12376237624 0.0 1.12376237624 0.0 
0.0294104286672 0.0153821224783 0.0294104286672 0.0153821224783 0.0117517485477 0.00697924744499 1.13366336634 0.0 1.13366336634 0.0 
0.0298255034492 0.0131714487436 0.0298255034492 0.0131714487436 0.0119353696188 0.00690980219678 1.14356435644 0.0 1.14356435644 0.0 
0.0302405782311 0.0108218845126 0.0302405782311 0.0108218845126 0.0121189906898 0.00685193115661 1.15346534653 0.0 1.15346534653 0.0 
0.0306556530131 0.00900473385109 0.0306556530131 0.00900473385109 0.0123026117609 0.00679406011644 1.16336633663 0.0 1.16336633663 0.0 
0.031070727795 0.007314899478 0.031070727795 0.007314899478 0.0124862328319 0.00673618907626 1.17326732673 0.0 1.17326732673 0.0 
0.031485802577 0.00603016238614 0.031485802577 0.00603016238614 0.012669853903 0.00664359541198 1.18316831683 0.0 1.18316831683 0.0 
0.0319008773589 0.00504635470318 0.0319008773589 0.00504635470318 0.012853474974 0.00658572437181 1.19306930693 0.0 1.19306930693 0.0 
0.0323159521409 0.00412041806039 0.0323159521409 0.00412041806039 0.0130370960451 0.00652785333164 1.20297029703 0.0 1.20297029703 0.0 
0.0327310269228 0.00322920404171 0.0327310269228 0.00322920404171 0.0132207171162 0.00633109179504 1.21287128713 0.0 1.21287128713 0.0 
0.0331461017048 0.00254632576766 0.0331461017048 0.00254632576766 0.0134043381872 0.00614590446649 1.22277227723 0.0 1.22277227723 0.0 
0.0335611764867 0.00200233799002 0.0335611764867 0.00200233799002 0.0135879592583 0.00589127188972 1.23267326733 0.0 1.23267326733 0.0 
0.0339762512687 0.00153936966863 0.0339762512687 0.00153936966863 0.0137715803293 0.00570608456116 1.24257425743 0.0 1.24257425743 0.0 
0.0343913260506 0.00119214342759 0.0343913260506 0.00119214342759 0.0139552014004 0.00542830356833 1.25247524752 0.0 1.25247524752 0.0 
0.0348064008326 0.000972233474924 0.0348064008326 0.000972233474924 0.0141388224714 0.00520839361567 1.26237623762 0.0 1.26237623762 0.0 
0.0352214756145 0.000775471938333 0.0352214756145 0.000775471938333 0.0143224435425 0.00497690945497 1.27227722772 0.0 1.27227722772 0.0 
0.0356365503965 0.000613433025845 0.0356365503965 0.000613433025845 0.0145060646136 0.00447921850947 1.28217821782 0.0 1.28217821782 0.0 
0.0360516251784 0.000451394113358 0.0360516251784 0.000451394113358 0.0146896856846 0.00396995335594 1.29207920792 0.0 1.29207920792 0.0 
0.0364666999604 0.000370374657114 0.0364666999604 0.000370374657114 0.0148733067557 0.00354170765865 1.30198019802 0.0 1.30198019802 0.0 
0.0368817747423 0.00028935520087 0.0368817747423 0.00028935520087 0.0150569278267 0.00303244250512 1.31188118812 0.0 1.31188118812 0.0 
0.0372968495243 0.000208335744627 0.0372968495243 0.000208335744627 0.0152405488978 0.00265049363997 1.32178217822 0.0 1.32178217822 0.0 
0.0377119243062 0.000185187328557 0.0377119243062 0.000185187328557 0.0154241699689 0.00210650586234 1.33168316832 0.0 1.33168316832 0.0 
0.0381269990881 0.000173613120522 0.0381269990881 0.000173613120522 0.0156077910399 0.00166668595701 1.34158415842 0.0 1.34158415842 0.0 
0.0385420738701 0.000127316288383 0.0385420738701 0.000127316288383 0.015791412111 0.00131945971597 1.35148514851 0.0 1.35148514851 0.0 
0.038957148652 8.10194562437e-05 0.038957148652 8.10194562437e-05 0.015975033182 0.00109954976331 1.36138613861 0.0 1.36138613861 0.0 
0.039372223434 5.78710401741e-05 0.039372223434 5.78710401741e-05 0.0161586542531 0.000879639810646 1.37128712871 0.0 1.37128712871 0.0 
0.0397872982159 4.62968321393e-05 0.0397872982159 4.62968321393e-05 0.0163422753241 0.000706026690124 1.38118811881 0.0 1.38118811881 0.0 
0.0402023729979 4.62968321393e-05 0.0402023729979 4.62968321393e-05 0.0165258963952 0.000532413569602 1.39108910891 0.0 1.39108910891 0.0 
0.0406174477798 4.62968321393e-05 0.0406174477798 4.62968321393e-05 0.0167095174663 0.000486116737462 1.40099009901 0.0 1.40099009901 0.0 
0.0410325225618 4.62968321393e-05 0.0410325225618 4.62968321393e-05 0.0168931385373 0.000428245697288 1.41089108911 0.0 1.41089108911 0.0 
0.0414475973437 3.47226241044e-05 0.0414475973437 3.47226241044e-05 0.0170767596084 0.000277780992836 1.42079207921 0.0 1.42079207921 0.0 
0.0418626721257 1.15742080348e-05 0.0418626721257 1.15742080348e-05 0.0172603806794 0.000173613120522 1.43069306931 0.0 1.43069306931 0.0 
0.0422777469076 1.15742080348e-05 0.0422777469076 1.15742080348e-05 0.0174440017505 0.000162038912487 1.44059405941 0.0 1.44059405941 0.0 
0.0426928216896 1.15742080348e-05 0.0426928216896 1.15742080348e-05 0.0176276228215 0.000138890496418 1.4504950495 0.0 1.4504950495 0.0 
0.0431078964715 1.15742080348e-05 0.0431078964715 1.15742080348e-05 0.0178112438926 9.25936642785e-05 1.4603960396 0.0 1.4603960396 0.0 
0.0435229712535 1.15742080348e-05 0.0435229712535 1.15742080348e-05 0.0179948649637 4.62968321393e-05 1.4702970297 0.0 1.4702970297 0.0 
0.0439380460354 1.15742080348e-05 0.0439380460354 1.15742080348e-05 0.0181784860347 4.62968321393e-05 1.4801980198 0.0 1.4801980198 0.0 