x_range mlu lu90 lu50 ahc 
0 0.234454736114 0.175437286496 0.0915073379874 1.15503025055 
1 0.293123573065 0.205990359187 0.110953405499 1.20611986637 
2 0.301975041628 0.211706086993 0.116187527776 1.22571587563 
3 0.308512836695 0.215717867017 0.1191335693 1.23382863522 
4 0.312967419624 0.218324005604 0.121567741036 1.23948142052 
5 0.316914021969 0.220554441214 0.123355090618 1.24411794662 
6 0.320385634899 0.222514227033 0.124899342656 1.24758538723 
7 0.323204427958 0.224345579743 0.126335382462 1.25021383286 
8 0.325843662024 0.225856512785 0.127561837435 1.25215026855 
9 0.328078776598 0.227179586887 0.128619641066 1.25398036957 
10 0.330285966396 0.228509187698 0.129606261849 1.25573477268 
11 0.332162469625 0.229803010821 0.130559802055 1.25728246689 
12 0.334025293589 0.231002599001 0.131377801299 1.25891730309 
13 0.335735946894 0.23205897212 0.132272228599 1.26101157188 
14 0.337627232075 0.23306556046 0.13323867321 1.26359793663 
15 0.339498490095 0.23408678174 0.134046927094 1.26639089108 
16 0.341286867857 0.234986931086 0.134903669357 1.26852092266 
17 0.342846095562 0.235910892487 0.135724440217 1.2702641201 
18 0.344400584698 0.236857399344 0.136516883969 1.27148339272 
19 0.345896542072 0.237850829959 0.137123063207 1.27267238617 
20 0.34758412838 0.238675877452 0.137852191925 1.27375814438 
21 0.349160194397 0.239488363266 0.138528451324 1.27479812622 
22 0.350678145885 0.240385264158 0.139176622033 1.27581355095 
23 0.352182030678 0.241246402264 0.139757737517 1.27669558048 
24 0.353725135326 0.242102831602 0.14032523334 1.27747640133 
25 0.35521069169 0.242907613516 0.140931561589 1.27833137035 
26 0.356568694115 0.243847131729 0.141510024667 1.27911684036 
27 0.357856065035 0.244583696127 0.142000004649 1.28002092361 
28 0.35929018259 0.245243728161 0.142492949963 1.28096303463 
29 0.360551893711 0.245978668332 0.143079787493 1.28189548969 
30 0.361800730228 0.246728733182 0.143638446927 1.28290245056 
31 0.363080114126 0.24754704535 0.144160270691 1.2840604496 
32 0.364417910576 0.248203381896 0.144713878632 1.28527459621 
33 0.365680754185 0.248984962702 0.145203843713 1.28689214706 
34 0.366900056601 0.249767571688 0.145703494549 1.28871330738 
35 0.368203043938 0.25051510334 0.146219283342 1.2908988905 
36 0.369576275349 0.251172035933 0.1467769593 1.29339203358 
37 0.370828896761 0.25196185708 0.147231891751 1.29615637779 
38 0.372161775827 0.25274464488 0.147713348269 1.29990181446 
39 0.373417496681 0.253573745489 0.148181647062 1.30557415009 
40 0.3746971488 0.25432357192 0.148667678237 1.3195067358 
41 0.37592419982 0.255102097988 0.14917320013 1.32322511196 
42 0.377297818661 0.255917698145 0.149637132883 1.32566711426 
43 0.378593474627 0.256705462933 0.150100767612 1.32737812519 
44 0.379994928837 0.257462531328 0.150555893779 1.32867035389 
45 0.381416648626 0.258245080709 0.151093289256 1.32987710953 
46 0.382706612349 0.25900670886 0.151613265276 1.33101210117 
47 0.384073376656 0.259829878807 0.15208876133 1.33200547218 
48 0.38537338376 0.260598629713 0.152637571096 1.3328872633 
49 0.386713147163 0.261345416307 0.15313655138 1.33366522312 
50 0.388166755438 0.262144982815 0.153614118695 1.33436271667 
51 0.389459371567 0.262982517481 0.154049694538 1.33494398117 
52 0.390936136246 0.263853639364 0.154558092356 1.33556196213 
53 0.392167448997 0.26463291049 0.15502384305 1.33616528034 
54 0.393590718508 0.265514552593 0.155583828688 1.33675667763 
55 0.394971132278 0.266413301229 0.156152486801 1.33727356911 
56 0.396398186684 0.267285048962 0.15665897727 1.33776900291 
57 0.39795306325 0.268124759197 0.157227933407 1.33824417114 
58 0.399567276239 0.269063562155 0.157761469483 1.33871778965 
59 0.401202589273 0.269946724176 0.158320575953 1.33921989918 
60 0.402715593576 0.270860254765 0.158864885569 1.33961984634 
61 0.404398292303 0.271748274565 0.159434333444 1.33997151375 
62 0.405970692635 0.272668212652 0.159990474582 1.34031435966 
63 0.407506614923 0.273509949446 0.160541892052 1.34068879604 
64 0.40910166502 0.27443498373 0.161088854074 1.34108695507 
65 0.410638004541 0.27554294467 0.161614641547 1.34148797512 
66 0.412161946297 0.276513755322 0.162323430181 1.34189269066 
67 0.413954764605 0.27752712369 0.162946894765 1.34226700783 
68 0.415461450815 0.278681010008 0.163650989532 1.34268161774 
69 0.417330145836 0.279863923788 0.164434149861 1.3430648756 
70 0.419054508209 0.281006008387 0.165059119463 1.34350571156 
71 0.420965522528 0.28211915493 0.165642127395 1.34389326096 
72 0.422719359398 0.283237993717 0.166278764606 1.34426900864 
73 0.424701422453 0.284454166889 0.166975781322 1.34467849255 
74 0.42653504014 0.285786092281 0.167729407549 1.34512922287 
75 0.428531587124 0.287046283484 0.168485015631 1.34561571598 
76 0.430726438761 0.288501769304 0.169280990958 1.34602972984 
77 0.432813614607 0.289850115776 0.169980302453 1.34659442425 
78 0.434906810522 0.291408926249 0.170825541019 1.34711167336 
79 0.437359154224 0.292879402637 0.171713829041 1.34765300274 
80 0.439808338881 0.294484585524 0.172624200583 1.34819075584 
81 0.44217440486 0.296098172665 0.173687264323 1.34890994549 
82 0.444648385048 0.297730147839 0.174682661891 1.34970292568 
83 0.447408616543 0.299709916115 0.175678670406 1.35088297844 
84 0.450491845608 0.30142095685 0.176782473922 1.35256037235 
85 0.4537576437 0.303477704525 0.177989766002 1.35564586639 
86 0.456888824701 0.305537104607 0.179458543658 1.36925396442 
87 0.460600525141 0.307748645544 0.180704906583 1.37758776665 
88 0.464143186808 0.310103535652 0.182299092412 1.38499435902 
89 0.4684253335 0.313072293997 0.184066906571 1.38934466362 
90 0.473084121943 0.315912902355 0.185966432095 1.39233073711 
91 0.477679848671 0.31970500946 0.187667310238 1.39436790466 
92 0.483417510986 0.32370942831 0.189820066094 1.3959313345 
93 0.490114301443 0.328147411346 0.192422911525 1.3976804924 
94 0.496719032526 0.333402961493 0.195431381464 1.3995270443 
95 0.504877448082 0.339683651924 0.19949054718 1.40132328987 
96 0.510076446533 0.347024708986 0.204212769866 1.40394124508 
97 0.516616516113 0.356944262981 0.209617480636 1.40991851807 
98 0.523840312958 0.371112018824 0.217848435044 1.41744205475 
99 0.54335226059 0.391915768385 0.234836429358 1.42813453197 
100 0.720895500183 0.45393872261 0.281910985708 1.46882256985 
