x_range mlu lu90 lu50 ahc 
0 0.20775732398 0.162063449621 0.0109214717522 1.18776389122 
1 0.292173832655 0.203860551119 0.109801903367 1.22031804085 
2 0.301317811012 0.210690379143 0.115349881351 1.22467442513 
3 0.308147460222 0.214864999056 0.118465051055 1.22866424084 
4 0.312615156174 0.217772692442 0.120692186058 1.2330858326 
5 0.316232323647 0.219917938113 0.122597172856 1.23647006512 
6 0.319613784552 0.221804082394 0.124137803912 1.239058218 
7 0.322831839323 0.223735392094 0.125510260463 1.24132891655 
8 0.325534403324 0.225206121802 0.126745536923 1.24301739693 
9 0.327765583992 0.226783424616 0.127925246954 1.24504347801 
10 0.33011931181 0.228071630001 0.128882661462 1.2466204977 
11 0.331879407167 0.229386210442 0.129795834422 1.24828275204 
12 0.333826094866 0.230683922768 0.130698516965 1.25016923904 
13 0.335662513971 0.231786027551 0.131608873606 1.25217875004 
14 0.337487637997 0.232816979289 0.132628291845 1.25433834553 
15 0.339306622744 0.233885064721 0.133449271321 1.25642009735 
16 0.341024279594 0.234798699617 0.134300842881 1.25832339287 
17 0.34261867404 0.235720440745 0.135063529015 1.26002844334 
18 0.344185233116 0.236661702394 0.135886147618 1.26110621452 
19 0.345665693283 0.237613663077 0.136704087257 1.26222809315 
20 0.347277969122 0.238518416882 0.13734818995 1.26325567722 
21 0.348962128162 0.239334493876 0.13805526495 1.2642267561 
22 0.350594818592 0.240169763565 0.138708397746 1.26513715744 
23 0.352027475834 0.240997716784 0.139287874103 1.26605173111 
24 0.353524833918 0.241876393557 0.139882266521 1.26686187744 
25 0.355026900768 0.242692187428 0.140469774604 1.26768430233 
26 0.356420725584 0.243616044521 0.141037866473 1.26847656727 
27 0.357731252909 0.244366243482 0.141619101167 1.26939304829 
28 0.359148412943 0.245133072138 0.14209485054 1.27026494503 
29 0.360429823399 0.24585172534 0.142626389861 1.27134474277 
30 0.361797422171 0.246659263968 0.143174156547 1.27233716011 
31 0.363085448742 0.247419312596 0.143700003624 1.2735291338 
32 0.36445069313 0.248065873981 0.144245654345 1.27490552425 
33 0.365603625774 0.248892486095 0.14482319355 1.27683218479 
34 0.366885393858 0.249716281891 0.145283654332 1.27903862953 
35 0.368169337511 0.250436753035 0.145807430148 1.28145059109 
36 0.369514375925 0.251116037369 0.146424919367 1.2836707449 
37 0.370794832706 0.251914858818 0.146896794438 1.28610487938 
38 0.372065097094 0.252697646618 0.147431477904 1.28952046394 
39 0.373383611441 0.253469973803 0.147912845016 1.30515285492 
40 0.374721318483 0.25427031517 0.148390322924 1.31119903088 
41 0.375790476799 0.255042314529 0.148851469159 1.31366117954 
42 0.377233922482 0.255808472633 0.149293720722 1.31526657104 
43 0.378608137369 0.256611198187 0.149766132236 1.31691261292 
44 0.379978984594 0.257379949093 0.150283679366 1.3179647541 
45 0.381275504827 0.258188486099 0.150779187679 1.31913872719 
46 0.382643312216 0.258978426456 0.151313364506 1.32017215252 
47 0.384103894234 0.259819060564 0.15178142488 1.32100482941 
48 0.385457485914 0.260625630617 0.152304664254 1.32185395718 
49 0.386722534895 0.261361479759 0.152840927243 1.32254584789 
50 0.388221532106 0.262184619904 0.15331594646 1.32321294308 
51 0.389615833759 0.263027518988 0.153783127666 1.32383795738 
52 0.391068100929 0.263871133327 0.154288440943 1.32440944672 
53 0.392348468304 0.264782547951 0.154797971249 1.32500656605 
54 0.3937702775 0.26563513279 0.155333265662 1.32557710171 
55 0.395181268454 0.266474425793 0.155897244811 1.32608242989 
56 0.396626383066 0.26741155982 0.15648201108 1.32661958694 
57 0.398184090853 0.268284142017 0.156984701753 1.32708080769 
58 0.399773061275 0.269191116095 0.157560497522 1.32750614643 
59 0.401332259178 0.270079135895 0.158134251833 1.32796200275 
60 0.402931988239 0.270998030901 0.158623531461 1.32839997768 
61 0.404512614012 0.271933138371 0.159129217267 1.32878478527 
62 0.406119763851 0.272803246975 0.159707322717 1.32916136742 
63 0.407719612122 0.27365732193 0.160297289491 1.32956703663 
64 0.409159392118 0.274627923965 0.16087795794 1.32991643906 
65 0.410768538713 0.27577829361 0.161535933614 1.33029707432 
66 0.41252052784 0.276762574911 0.162123456597 1.33072134018 
67 0.414317309856 0.277725666761 0.162814617157 1.33110996246 
68 0.415868937969 0.278797894716 0.163488075137 1.33147581577 
69 0.417496144772 0.279997617006 0.164123877883 1.33183368206 
70 0.419220268726 0.281232744455 0.164822816849 1.33225222588 
71 0.421129763126 0.282360285521 0.16542814672 1.33264764309 
72 0.423036754131 0.283538550138 0.166082680225 1.33305021286 
73 0.425073891878 0.284841120243 0.166845172644 1.33342703342 
74 0.427142828703 0.286158680916 0.167564198375 1.33382173538 
75 0.429043352604 0.287438541651 0.168299123645 1.33430310249 
76 0.431298911572 0.28884729743 0.169106513262 1.33474429607 
77 0.433516025543 0.290303230286 0.169943779707 1.33519860268 
78 0.435538858175 0.291821658611 0.170741736889 1.33572181225 
79 0.437851935625 0.293232828379 0.171595320106 1.33628567219 
80 0.440233528614 0.294793248177 0.17263802886 1.33679433823 
81 0.442621797323 0.296643853188 0.173474222422 1.33738728523 
82 0.445170581341 0.298411220312 0.174447268248 1.3381349659 
83 0.448006510735 0.300346910954 0.175544530153 1.33898731232 
84 0.451153814793 0.302085697651 0.176599353552 1.34018238544 
85 0.4545827806 0.304108530283 0.177858993411 1.34199353218 
86 0.45770663023 0.306181579828 0.179274022579 1.34701164722 
87 0.461440056562 0.308717250824 0.180638834834 1.36078747272 
88 0.465332776308 0.311293572187 0.182090237737 1.37301321983 
89 0.469760715961 0.314397037029 0.183803811669 1.37698372364 
90 0.474872499704 0.317803114653 0.185876101255 1.37995215416 
91 0.479710608721 0.321509450674 0.187654614449 1.38247951031 
92 0.485652625561 0.32566678524 0.189967393875 1.38409920692 
93 0.492169469595 0.330280035734 0.19266268611 1.38593741417 
94 0.499303758144 0.336270242929 0.195948675275 1.38787861824 
95 0.507649123669 0.342170596123 0.19978672266 1.39001568317 
96 0.517393052578 0.350326538086 0.204444915056 1.39254649639 
97 0.529369235039 0.36007013917 0.210469707847 1.39669569492 
98 0.546718657017 0.374118417501 0.218387812376 1.40068002701 
99 0.575931668282 0.394314259291 0.232388168573 1.40597232342 
100 0.99359691143 0.501152813435 0.281720608473 1.42194350719 
